-22561 7212 
-19497 -15164 
18127 -6052 
16583 -6412 
-32321 8332 
-5705 -2780 
22703 -15172 
-20825 -4268 
-13409 -11028 
-28777 -10876 
-9585 20764 
-29561 -22604 
-31361 14668 
-23177 26084 
-13201 -29316 
-9625 4116 
-20641 19884 
11095 -22972 
11855 31196 
-26553 10356 
18751 4620 
8503 -26972 
47 5692 
-14809 -3884 
21279 -31124 
-30953 14084 
16911 25244 
25607 26932 
-13057 -21812 
23799 -30876 
-3089 24316 
29159 -28268 
-18721 32556 
-23849 -30780 
5583 2908 
-4153 27124 
4287 908 
22711 14372 
-22609 26556 
-8793 -3500 
-9569 14316 
32407 -26492 
-22129 29724 
15239 10932 
5247 7244 
5239 -22300 
7023 12412 
2407 4884 
-16801 -20308 
6743 26948 
-689 -25380 
18247 -21644 
-10177 -2804 
-28617 -9820 
20271 -18116 
-2777 -3116 
25119 -5780 
30231 -1532 
4367 -31332 
4871 -5068 
23551 -29236 
-13321 -13724 
17135 508 
-24345 -27500 
-14881 -7636 
-28201 19140 
-6961 11868 
-24889 -4876 
-24641 -6516 
-14409 31524 
-2385 2748 
3239 -2732 
-5729 -25876 
28055 23428 
30863 -26852 
-5497 -21068 
-23681 -180 
-31881 -5148 
27247 -11396 
14439 5652 
-12961 5036 
2391 11332 
-13233 -16420 
-2489 11892 
26431 -10228 
-201 7332 
-25041 23612 
9255 -2348 
28959 19564 
25879 -17148 
-8177 -22372 
-15865 28468 
-5377 28876 
15095 3428 
-28177 -23300 
-12313 -26732 
-11041 17708 
-32553 3524 
-19505 20828 
19911 28660 
11967 -13940 
14007 -16860 
17839 -21060 
15271 -1964 
-1889 -532 
23703 7812 
18319 -17892 
-26233 12468 
12927 -7604 
-3465 12004 
-18065 30332 
26471 6420 
-9121 30380 
-1961 -4284 
-25777 -7460 
-23225 -20108 
-2497 -17652 
28215 24484 
-4817 -196 
21287 -1580 
-32737 -20628 
21527 -32764 
-20721 -13412 
28935 -3532 
31231 21452 
-22025 20580 
-7953 18428 
-281 -25964 
-7201 -22484 
28631 -12092 
-32049 29788 
-825 -3340 
-16961 -21364 
-23113 292 
-27473 20668 
27303 -1196 
1951 24812 
19351 -7804 
5775 -8932 
18567 -19532 
-16001 -15028 
24951 29156 
2159 6524 
-27033 7188 
-5281 -9812 
-6313 -19900 
27215 1500 
21575 13428 
-31425 -25076 
-8905 -23900 
15407 -24004 
-32217 -812 
-28897 4716 
17175 17156 
32271 -4452 
8199 30004 
2303 14028 
6391 -27804 
12271 -5380 
11751 -25196 
-3361 2860 
24279 -27708 
20943 -26788 
-21561 30196 
19647 -28788 
5303 17444 
-7249 -3140 
-26201 -428 
5791 -15380 
14999 -23420 
-6769 28 
-2169 14004 
20607 -22452 
-12169 -19228 
22383 -17284 
-15001 7956 
-1441 15532 
-10665 30020 
14671 10460 
839 -18572 
5183 -32500 
19511 -6748 
-29905 17724 
-20185 -44 
-25057 30060 
12823 1540 
19727 4508 
-12537 -1996 
-26625 6604 
-30729 -10652 
32495 -29188 
23783 -24428 
479 28204 
19927 22212 
8399 -17828 
23239 -1804 
-9281 29324 
-31817 -30940 
12975 -26948 
-14169 340 
9631 9964 
10647 26500 
-19313 8988 
-22905 -17996 
-8321 -29876 
16247 -2076 
-22929 24444 
-2969 8724 
2399 -24660 
-15017 14404 
2127 19420 
-19897 14964 
-23745 25612 
-17609 10404 
-9681 -6084 
-8153 724 
-21217 -10132 
8471 -14076 
7183 13468 
32263 31540 
9983 -820 
-2313 6500 
-12817 12540 
-29721 -23660 
4319 -11988 
15575 6596 
-4145 -8868 
2503 31732 
27327 21900 
-3401 -13788 
-32337 14780 
-2137 1108 
13471 -30228 
6295 10884 
-31857 17948 
21895 15540 
28287 28236 
-20873 15076 
-2705 636 
9063 9492 
6239 684 
-19369 -1212 
-10417 28380 
24903 -17036 
12863 18188 
10807 27556 
10543 -29892 
3879 1492 
-17377 15212 
4119 -29692 
-5361 22428 
11527 -460 
-18945 -8244 
26103 23652 
7407 -11268 
-17689 -22892 
