-7429 -12520 
-18829 26928 
-32533 11848 
8803 32352 
31451 -18056 
27219 16272 
-12085 28840 
-29117 -21312 
-32069 21464 
-29133 -14864 
-28501 25352 
27171 -29920 
-1381 -25032 
8723 -944 
-16245 1384 
-18941 6528 
-7557 -26472 
9715 -7504 
24683 22472 
29155 22496 
14939 17144 
-26157 30992 
28747 23080 
-25149 17984 
571 -25256 
32179 -16528 
-4053 3208 
14755 -7008 
14875 -22600 
-11885 -18992 
-8181 28392 
17795 13056 
-7685 25112 
-27277 23600 
16363 -32440 
-16029 12640 
-1573 -13192 
-13997 -19824 
4043 17320 
-21181 -8256 
-32325 -6440 
27955 -18192 
20395 -18936 
2339 15904 
31131 -20168 
-32493 28496 
-117 -10136 
-11005 19584 
-7813 11160 
1267 -10832 
8043 -21816 
4323 2784 
-18085 22008 
-1837 -5104 
-20661 11560 
-17213 31040 
315 12376 
23731 -19856 
-20693 24456 
-10077 -26720 
-18149 -17736 
12435 10448 
7947 16872 
25731 26112 
-7941 -2792 
29811 20272 
-277 -11192 
24675 -7072 
30939 -8328 
10323 9616 
20171 5800 
-13245 4800 
-32581 31192 
19507 -21520 
3755 2312 
-22493 -3808 
-1893 -15304 
-8173 -7600 
16011 -21656 
-3069 32640 
-8069 -16744 
-7181 -14160 
-8597 -568 
-20509 -16928 
14427 26872 
22483 24336 
-4533 40 
-9277 -21440 
59 -15528 
15283 -23184 
28203 -19832 
30627 19104 
14363 -12872 
-28781 -25648 
24075 5352 
-31869 -26368 
-8197 -30696 
21363 16944 
-16917 10056 
-157 -26784 
-2085 -3464 
-30893 -26480 
-29237 -5720 
-5309 17856 
32699 3288 
11059 -24848 
-12885 23560 
18211 -23520 
30619 -10440 
16147 21840 
32139 32360 
4867 -19840 
-8325 20888 
-15629 -17488 
-25237 20680 
20195 28896 
-18597 31736 
-18733 -11760 
11595 -11480 
-1341 -8384 
-197 22104 
6835 -26512 
11563 1416 
5795 -608 
-18661 -8008 
-4461 3792 
-25333 -6168 
-23933 -13312 
-8453 6936 
12915 13616 
31979 31304 
-24989 19040 
30427 1400 
-6573 2960 
-13109 -17240 
2627 30912 
32443 -24616 
2611 -28176 
-29525 -20728 
-6621 22304 
-2405 -5576 
-25069 -14256 
-17269 20840 
12803 -6784 
-8581 -7016 
-24077 -20816 
23659 -23608 
-4637 9184 
13915 -28936 
5587 17680 
27723 -23000 
6595 4672 
-453 -5800 
-1613 -29840 
-5077 22664 
-19037 -20320 
13851 -3144 
19859 -32304 
-9205 -17688 
-15997 -256 
-8709 -20968 
4467 10288 
15339 -12984 
15715 -672 
-2597 6264 
17747 32400 
3019 -28760 
10563 -21568 
32187 13016 
-5837 -31504 
19371 520 
-31453 2592 
30107 -712 
-749 15184 
-1141 9320 
20739 6272 
-8837 30616 
-32525 -24144 
7019 -2360 
-29469 -10528 
-19109 -24072 
29907 -18416 
-21685 31016 
14531 17728 
-709 31832 
-10061 32368 
-21717 -21624 
21667 25504 
-19173 1720 
-21357 -2864 
6923 -29208 
-8061 12800 
-8965 16664 
-3981 6960 
-1301 8264 
-9117 -20384 
29915 11128 
-23469 -3696 
19147 25256 
18499 -8512 
31931 -14888 
-14285 30704 
2731 21768 
9251 -17120 
-2917 4152 
23571 -20912 
14987 -2200 
28675 19328 
-9093 2712 
24563 -27472 
-9621 18888 
11235 -30240 
13403 -19208 
-11309 11024 
-5557 19496 
22467 30784 
-965 3928 
-18509 29040 
27179 -376 
-3165 5792 
13339 6584 
2963 26576 
23051 24808 
-125 25856 
-9221 -11240 
-12429 3632 
-17941 29512 
31587 25440 
-3109 15992 
851 25744 
-30261 13736 
26435 4544 
31675 22744 
-22733 27376 
-13909 -22520 
-15581 28704 
29595 9016 
-17645 8528 
31115 -13720 
-28925 32384 
-9349 -25192 
16115 -30800 
-26261 -25400 
-13597 15584 
-19621 -14344 
13011 -25072 
10571 7976 
30403 -21696 
-1221 -23976 
-26957 25712 
10539 20872 
-27997 -13920 
-19685 11448 
27283 -9520 
-26357 13288 
7811 -26624 
