-22561 7212 
-7429 -12520 
-19497 -15164 
-18829 26928 
18127 -6052 
-32533 11848 
16583 -6412 
8803 32352 
-32321 8332 
31451 -18056 
-5705 -2780 
27219 16272 
22703 -15172 
-12085 28840 
-20825 -4268 
-29117 -21312 
-13409 -11028 
-32069 21464 
-28777 -10876 
-29133 -14864 
-9585 20764 
-28501 25352 
-29561 -22604 
27171 -29920 
-31361 14668 
-1381 -25032 
-23177 26084 
8723 -944 
-13201 -29316 
-16245 1384 
-9625 4116 
-18941 6528 
-20641 19884 
-7557 -26472 
11095 -22972 
9715 -7504 
11855 31196 
24683 22472 
-26553 10356 
29155 22496 
18751 4620 
14939 17144 
8503 -26972 
-26157 30992 
47 5692 
28747 23080 
-14809 -3884 
-25149 17984 
21279 -31124 
571 -25256 
-30953 14084 
32179 -16528 
16911 25244 
-4053 3208 
25607 26932 
14755 -7008 
-13057 -21812 
14875 -22600 
23799 -30876 
-11885 -18992 
-3089 24316 
-8181 28392 
29159 -28268 
17795 13056 
-18721 32556 
-7685 25112 
-23849 -30780 
-27277 23600 
5583 2908 
16363 -32440 
-4153 27124 
-16029 12640 
4287 908 
-1573 -13192 
22711 14372 
-13997 -19824 
-22609 26556 
4043 17320 
-8793 -3500 
-21181 -8256 
-9569 14316 
-32325 -6440 
32407 -26492 
27955 -18192 
-22129 29724 
20395 -18936 
15239 10932 
2339 15904 
5247 7244 
31131 -20168 
5239 -22300 
-32493 28496 
7023 12412 
-117 -10136 
2407 4884 
-11005 19584 
-16801 -20308 
-7813 11160 
6743 26948 
1267 -10832 
-689 -25380 
8043 -21816 
18247 -21644 
4323 2784 
-10177 -2804 
-18085 22008 
-28617 -9820 
-1837 -5104 
20271 -18116 
-20661 11560 
-2777 -3116 
-17213 31040 
25119 -5780 
315 12376 
30231 -1532 
23731 -19856 
4367 -31332 
-20693 24456 
4871 -5068 
-10077 -26720 
23551 -29236 
-18149 -17736 
-13321 -13724 
12435 10448 
17135 508 
7947 16872 
-24345 -27500 
25731 26112 
-14881 -7636 
-7941 -2792 
-28201 19140 
29811 20272 
-6961 11868 
-277 -11192 
-24889 -4876 
24675 -7072 
-24641 -6516 
30939 -8328 
-14409 31524 
10323 9616 
-2385 2748 
20171 5800 
3239 -2732 
-13245 4800 
-5729 -25876 
-32581 31192 
28055 23428 
19507 -21520 
30863 -26852 
3755 2312 
-5497 -21068 
-22493 -3808 
-23681 -180 
-1893 -15304 
-31881 -5148 
-8173 -7600 
27247 -11396 
16011 -21656 
14439 5652 
-3069 32640 
-12961 5036 
-8069 -16744 
2391 11332 
-7181 -14160 
-13233 -16420 
-8597 -568 
-2489 11892 
-20509 -16928 
26431 -10228 
14427 26872 
-201 7332 
22483 24336 
-25041 23612 
-4533 40 
9255 -2348 
-9277 -21440 
28959 19564 
59 -15528 
25879 -17148 
15283 -23184 
-8177 -22372 
28203 -19832 
-15865 28468 
30627 19104 
-5377 28876 
14363 -12872 
15095 3428 
-28781 -25648 
-28177 -23300 
24075 5352 
-12313 -26732 
-31869 -26368 
-11041 17708 
-8197 -30696 
-32553 3524 
21363 16944 
-19505 20828 
-16917 10056 
19911 28660 
-157 -26784 
11967 -13940 
-2085 -3464 
14007 -16860 
-30893 -26480 
17839 -21060 
-29237 -5720 
15271 -1964 
-5309 17856 
-1889 -532 
32699 3288 
23703 7812 
11059 -24848 
18319 -17892 
-12885 23560 
-26233 12468 
18211 -23520 
12927 -7604 
30619 -10440 
-3465 12004 
16147 21840 
-18065 30332 
32139 32360 
26471 6420 
4867 -19840 
-9121 30380 
-8325 20888 
-1961 -4284 
-15629 -17488 
-25777 -7460 
-25237 20680 
-23225 -20108 
20195 28896 
-2497 -17652 
-18597 31736 
28215 24484 
-18733 -11760 
-4817 -196 
11595 -11480 
21287 -1580 
-1341 -8384 
-32737 -20628 
-197 22104 
21527 -32764 
6835 -26512 
-20721 -13412 
11563 1416 
28935 -3532 
5795 -608 
31231 21452 
-18661 -8008 
-22025 20580 
-4461 3792 
-7953 18428 
-25333 -6168 
-281 -25964 
-23933 -13312 
-7201 -22484 
-8453 6936 
28631 -12092 
12915 13616 
-32049 29788 
31979 31304 
-825 -3340 
-24989 19040 
-16961 -21364 
30427 1400 
-23113 292 
-6573 2960 
-27473 20668 
-13109 -17240 
27303 -1196 
2627 30912 
1951 24812 
32443 -24616 
19351 -7804 
2611 -28176 
5775 -8932 
-29525 -20728 
18567 -19532 
-6621 22304 
-16001 -15028 
-2405 -5576 
24951 29156 
-25069 -14256 
2159 6524 
-17269 20840 
-27033 7188 
12803 -6784 
-5281 -9812 
-8581 -7016 
-6313 -19900 
-24077 -20816 
27215 1500 
23659 -23608 
21575 13428 
-4637 9184 
-31425 -25076 
13915 -28936 
-8905 -23900 
5587 17680 
15407 -24004 
27723 -23000 
-32217 -812 
6595 4672 
-28897 4716 
-453 -5800 
17175 17156 
-1613 -29840 
32271 -4452 
-5077 22664 
8199 30004 
-19037 -20320 
2303 14028 
13851 -3144 
6391 -27804 
19859 -32304 
12271 -5380 
-9205 -17688 
11751 -25196 
-15997 -256 
-3361 2860 
-8709 -20968 
24279 -27708 
4467 10288 
20943 -26788 
15339 -12984 
-21561 30196 
15715 -672 
19647 -28788 
-2597 6264 
5303 17444 
17747 32400 
-7249 -3140 
3019 -28760 
-26201 -428 
10563 -21568 
5791 -15380 
32187 13016 
14999 -23420 
-5837 -31504 
-6769 28 
19371 520 
-2169 14004 
-31453 2592 
20607 -22452 
30107 -712 
-12169 -19228 
-749 15184 
22383 -17284 
-1141 9320 
-15001 7956 
20739 6272 
-1441 15532 
-8837 30616 
-10665 30020 
-32525 -24144 
14671 10460 
7019 -2360 
839 -18572 
-29469 -10528 
5183 -32500 
-19109 -24072 
19511 -6748 
29907 -18416 
-29905 17724 
-21685 31016 
-20185 -44 
14531 17728 
-25057 30060 
-709 31832 
12823 1540 
-10061 32368 
19727 4508 
-21717 -21624 
-12537 -1996 
21667 25504 
-26625 6604 
-19173 1720 
-30729 -10652 
-21357 -2864 
32495 -29188 
6923 -29208 
23783 -24428 
-8061 12800 
479 28204 
-8965 16664 
19927 22212 
-3981 6960 
8399 -17828 
-1301 8264 
23239 -1804 
-9117 -20384 
-9281 29324 
29915 11128 
-31817 -30940 
-23469 -3696 
12975 -26948 
19147 25256 
-14169 340 
18499 -8512 
9631 9964 
31931 -14888 
10647 26500 
-14285 30704 
-19313 8988 
2731 21768 
-22905 -17996 
9251 -17120 
-8321 -29876 
-2917 4152 
16247 -2076 
23571 -20912 
-22929 24444 
14987 -2200 
-2969 8724 
28675 19328 
2399 -24660 
-9093 2712 
-15017 14404 
24563 -27472 
2127 19420 
-9621 18888 
-19897 14964 
11235 -30240 
-23745 25612 
13403 -19208 
-17609 10404 
-11309 11024 
-9681 -6084 
-5557 19496 
-8153 724 
22467 30784 
-21217 -10132 
-965 3928 
8471 -14076 
-18509 29040 
7183 13468 
27179 -376 
32263 31540 
-3165 5792 
9983 -820 
13339 6584 
-2313 6500 
2963 26576 
-12817 12540 
23051 24808 
-29721 -23660 
-125 25856 
4319 -11988 
-9221 -11240 
15575 6596 
-12429 3632 
-4145 -8868 
-17941 29512 
2503 31732 
31587 25440 
27327 21900 
-3109 15992 
-3401 -13788 
851 25744 
-32337 14780 
-30261 13736 
-2137 1108 
26435 4544 
13471 -30228 
31675 22744 
6295 10884 
-22733 27376 
-31857 17948 
-13909 -22520 
21895 15540 
-15581 28704 
28287 28236 
29595 9016 
-20873 15076 
-17645 8528 
-2705 636 
31115 -13720 
9063 9492 
-28925 32384 
6239 684 
-9349 -25192 
-19369 -1212 
16115 -30800 
-10417 28380 
-26261 -25400 
24903 -17036 
-13597 15584 
12863 18188 
-19621 -14344 
10807 27556 
13011 -25072 
10543 -29892 
10571 7976 
3879 1492 
30403 -21696 
-17377 15212 
-1221 -23976 
4119 -29692 
-26957 25712 
-5361 22428 
10539 20872 
11527 -460 
-27997 -13920 
-18945 -8244 
-19685 11448 
26103 23652 
27283 -9520 
7407 -11268 
-26357 13288 
-17689 -22892 
7811 -26624 
8159 13356 
-9477 26392 
11223 -9020 
-20877 304 
-16689 92 
30955 -14776 
-18233 -268 
6755 5728 
-1601 14476 
29403 20856 
25015 3364 
25171 -10352 
-12113 -9028 
-14133 2216 
9895 1876 
-31165 17600 
17311 -4884 
31419 -5160 
1943 -4732 
-31181 24048 
21135 26908 
-30549 -1272 
1159 -16460 
25123 8992 
-641 20812 
-3429 13880 
7543 32228 
6675 -27568 
17519 -23172 
-18293 -25240 
21095 10260 
-20989 -20096 
10079 26028 
-9605 12440 
-23721 -16828 
7667 31408 
-22961 -28196 
22635 -4152 
4167 16500 
27107 -4128 
-16065 10764 
12891 -9480 
-26313 -20828 
-28205 4368 
30767 11836 
26699 -3544 
15911 2260 
-27197 -8640 
-13537 -24980 
-1477 13656 
-233 20228 
30131 22384 
-17905 31388 
-6101 -23416 
-9209 -32460 
12707 31904 
17663 -15668 
12827 16312 
-11017 -24732 
-13933 19920 
27631 30460 
-10229 1768 
-5657 -22124 
15747 -13568 
11999 -26836 
-9733 -1512 
6871 -24636 
-29325 -3024 
-29233 9052 
14315 6472 
26567 -32268 
-18077 -13984 
-30529 7052 
-3621 25720 
-12105 20516 
-16045 19088 
8111 32700 
1995 -9304 
21927 2644 
-23229 30656 
21151 20460 
31163 32472 
-2409 -20348 
25907 20720 
8591 -29668 
18347 19976 
-19577 17076 
291 -10720 
-29569 13388 
29083 18744 
-29577 -16156 
30995 1872 
-27793 18556 
-2165 28776 
-32409 11028 
-13053 -7040 
13919 -14164 
-9861 -15464 
-28073 -32444 
-781 28080 
30031 -19236 
5995 17096 
-16569 -15500 
2275 -23840 
20543 3340 
-20133 -4616 
2103 -3676 
-3885 -31728 
-14545 -11972 
-22709 -15064 
27943 3028 
-19261 4416 
-9697 364 
-1733 -14248 
-4585 4612 
21683 19056 
-30449 -25188 
-22741 -2168 
-29945 1076 
-12125 12192 
-11265 -23092 
-20197 21176 
17399 -7580 
10387 -16176 
-17681 6652 
5899 -9752 
6375 -21356 
23683 -512 
15839 -1492 
-9989 -29416 
2519 25284 
27763 -6352 
23759 18012 
-2325 27720 
5831 1268 
22627 31840 
6079 -372 
28891 30584 
16311 -27868 
8275 -17008 
28335 8892 
18123 -20824 
-31577 3412 
-15293 -21824 
24991 -19732 
30907 4568 
-6761 29572 
17459 17392 
-3953 -20708 
1707 -24312 
25223 -14924 
-24541 -30432 
7039 5964 
-3941 23608 
-1161 996 
-10221 31312 
-7569 -5252 
13963 17256 
-20377 11796 
-5117 6016 
17759 11180 
-10117 22168 
-32425 17476 
-9229 24752 
17487 -10276 
-10645 -27192 
28231 18036 
-22557 21984 
-8385 -4084 
12379 248 
30519 13476 
20435 -2288 
5679 29756 
-6581 -26584 
-25561 3796 
-11325 17472 
-5857 25708 
-1989 23384 
-8937 -11004 
13235 15728 
22543 -16228 
26155 19080 
14855 -30924 
28579 -7520 
25343 -30516 
12315 26040 
-19721 9572 
-30829 13264 
2543 -17156 
22027 -21272 
18407 -20588 
31619 12544 
19679 23852 
-10245 8216 
-1833 9668 
19315 -9680 
11215 26972 
-18965 -16568 
-14905 -30732 
-2205 12128 
-22849 -7796 
-4133 -30088 
-20809 -10716 
32595 12432 
-16977 -14916 
-31285 -32344 
-19545 4180 
-7357 -8768 
28831 5612 
30651 -23336 
-11113 13956 
9011 14064 
-16497 -11748 
-14933 -3064 
4487 18612 
16163 15392 
-21889 -1460 
28571 28472 
27255 18148 
14099 -4784 
12655 -29060 
30091 5736 
-8345 12564 
2819 19072 
21599 -29012 
-10373 -5736 
28759 1860 
-17677 21424 
4943 -1316 
-27285 -5944 
7495 -13964 
18147 2272 
28223 -11508 
-20645 5112 
-6601 30628 
-20781 27152 
25903 5948 
9547 27432 
-13529 4564 
-3389 30528 
-2017 -14484 
-2245 -4520 
-13289 -26620 
4787 12400 
9999 -7268 
9515 -25208 
-5881 2612 
3747 -27232 
-3585 27596 
-20709 30904 
8695 26724 
-6509 -22832 
22767 24572 
-27381 32744 
30439 -19820 
-25981 25600 
23519 -16340 
-10501 -19688 
-6185 -5948 
10867 -13008 
-1329 -29604 
29931 4680 
29895 2804 
-27037 -7584 
13759 -15220 
28379 -25224 
7607 6436 
-8621 -23664 
3247 26812 
-15157 21672 
-7513 4948 
579 4288 
32671 30956 
30395 14296 
-15465 -1660 
563 10736 
-29041 -2788 
-31573 18184 
-16249 -13388 
-8669 -4320 
14719 -8884 
-4453 -32200 
-9865 -30236 
-27117 24656 
-32657 12668 
-19317 -5784 
3687 13332 
10755 32128 
25439 -3668 
-10629 31896 
24407 -13756 
-26125 18096 
-7601 7644 
21611 15304 
-13241 19572 
-6685 -17440 
-705 -18932 
11867 9976 
21815 -17756 
3539 -8944 
-19409 -17860 
25675 15912 
-1497 5332 
4547 -21952 
1823 10860 
-2501 -32424 
-17641 23300 
-3661 9072 
-2545 1692 
-7125 -3960 
-26617 -29388 
-21085 18592 
-32513 20172 
11803 -29768 
-28425 -21660 
17811 6608 
-22545 764 
-11253 21224 
-23065 -19052 
-18045 -26880 
27359 9004 
-10757 17944 
-10537 -21564 
2419 -16336 
-13873 -20644 
13291 25928 
9159 -29196 
13667 -27296 
-15169 -22644 
-4645 -20360 
-29513 23588 
15699 5776 
23471 3004 
971 10152 
4519 5716 
8515 17344 
-29025 -9236 
30139 -13608 
-19817 -17276 
-7885 7408 
23951 6172 
17323 -26104 
28551 20148 
32035 -24032 
-14209 -16308 
28059 -27336 
18551 -13084 
-2797 -11440 
-12433 -11140 
-3189 -17304 
15719 14100 
18691 -20352 
29279 21676 
-10885 3992 
20055 -29372 
30963 14768 
-20145 16604 
4971 -28984 
31559 -12428 
-31517 28384 
-29633 -26356 
-21157 14840 
-15305 -604 
27859 20496 
815 23868 
-23733 4392 
10535 6100 
12483 -8896 
5663 -29332 
-2757 5208 
-21993 7684 
-12109 5744 
-15089 10652 
-23765 17288 
18183 4148 
19619 -1120 
4095 12748 
-21221 -24904 
-9 -4508 
-23405 -29488 
-2321 -23044 
4875 9704 
-11033 -18284 
-10109 -13824 
31199 -31188 
-11013 -9960 
-14889 28356 
-6029 -19664 
-26417 -11684 
-3349 -18360 
-11577 4340 
-11165 18528 
21439 -30068 
27867 -15496 
-1097 -24796 
-25517 -30320 
-21841 -20804 
17099 -1368 
16551 6484 
16451 30400 
-25185 16108 
29883 24024 
-24169 32644 
-16333 4080 
11407 15132 
683 -4856 
7815 -11852 
7203 21792 
22399 -23732 
-4965 -22472 
-18569 4068 
21523 18000 
7791 30588 
12939 -28824 
27751 14868 
26627 -7296 
-32417 -18516 
-11141 -23912 
15703 20548 
22515 11440 
-32689 25564 
-11669 -7736 
10823 21108 
9187 8672 
6975 31756 
11355 19704 
13111 16548 
-13357 -15600 
21039 60 
-7605 -7128 
22567 6868 
20419 4160 
9503 -3988 
-3013 -22696 
-26345 -7932 
-20557 2416 
-27633 19612 
25131 -27000 
-2553 -27852 
-5213 -20832 
-24833 5324 
11291 -20040 
28407 12644 
915 -48 
17903 18684 
21003 -1816 
999 -17516 
-2173 -768 
-30497 -5844 
-11269 27672 
-19241 12740 
-14477 -22992 
26575 -2724 
-19989 2888 
-32313 -27660 
29539 -1184 
-7489 28044 
-5157 -10632 
27319 -7644 
-1197 -880 
-1617 20924 
-32309 -12888 
28583 7252 
24387 -22080 
-21345 -24084 
29627 -3880 
-28521 17028 
-24781 752 
-1137 24092 
-15957 16392 
-12921 21684 
-17629 2080 
-6529 -31156 
27547 -17608 
9847 21220 
-19693 -18096 
28015 6780 
29067 25192 
-25753 15636 
-30973 5760 
-28577 6828 
-11397 13720 
11351 4932 
14067 8112 
20303 -31012 
-28309 13512 
-9913 -10892 
-15645 -11040 
-21953 24332 
-21669 24568 
-24009 -31836 
10963 13840 
-24273 -23748 
8523 -18648 
-30937 7636 
28355 17216 
13343 21356 
-3269 14936 
-30697 -23548 
-29005 -912 
25359 28572 
8491 -5752 
-23289 5684 
-30045 24992 
11775 -2100 
-21733 -15176 
-8713 29796 
25235 29392 
-27409 -5124 
-28405 -13336 
13031 -16748 
5763 12288 
-26657 19500 
-11525 -232 
-23593 -2876 
-22925 -26320 
14031 6236 
28907 24136 
12487 5876 
4707 -20896 
29119 20620 
27355 -5768 
-9801 9508 
23123 28560 
18607 -2884 
-16181 -24408 
-24921 8020 
32323 -9024 
-17505 1260 
29371 -31784 
32663 1412 
32307 -2576 
-13681 -32484 
-32597 -27896 
31879 -10316 
23075 -17632 
30079 26956 
-5477 -12744 
-27273 -27164 
4627 11344 
-17297 -17028 
-20341 13672 
-13721 16404 
-23037 18816 
-24737 32172 
-11653 -14184 
6999 -10684 
5619 4784 
7759 -22052 
20587 -30776 
-30649 22644 
25059 -30752 
14655 16908 
10843 29432 
4407 -14684 
-30253 -22256 
-4049 17980 
24651 -30168 
-18905 8404 
-29245 30272 
17183 -18836 
-3525 -12968 
30487 26372 
28083 -4240 
12815 -28004 
-8149 15496 
21511 -26316 
10659 5280 
-17153 -9524 
10779 -10312 
19703 -18588 
-15981 -6704 
-7185 -28932 
-12277 -24856 
25063 -15980 
13699 25344 
-22817 -20692 
-11781 -28136 
-27945 -18492 
-31373 -29648 
1487 15196 
12267 -20152 
-8249 -26124 
-20125 24928 
191 13196 
-5669 -904 
18615 26660 
-18093 -7536 
-26705 -26692 
-53 29608 
-12889 8788 
-25277 4032 
-13665 26604 
29115 5848 
28311 -14204 
23859 -5904 
-26225 -23524 
16299 -6648 
11143 23220 
-1757 28192 
1151 19532 
27035 -7880 
1143 -10012 
28947 -24752 
2927 24700 
-4213 2152 
-1689 17172 
-15101 31872 
-20897 -8020 
-11909 23448 
2647 -26300 
-2829 1456 
-4785 -13092 
3947 -9528 
14151 -9356 
227 15072 
-14273 9484 
-22181 -31240 
-32713 2468 
-5933 7184 
16175 -5828 
-24757 23848 
-6873 9172 
-21309 -22208 
21023 6508 
-3781 24664 
26135 10756 
19635 -7568 
271 -19044 
-24789 -28792 
775 7220 
-14173 -14432 
19455 -16948 
-22245 -5448 
-17417 -1436 
8339 22736 
13039 12796 
3851 29160 
-28441 -15212 
21635 -27136 
-18977 4652 
-12037 9496 
-32297 31428 
25715 32560 
-11057 24156 
-4373 1096 
-28985 7412 
20579 5216 
-28737 5772 
26843 3960 
-18505 -21724 
6227 21904 
-6481 15036 
16075 18088 
-857 9556 
-17341 17088 
-9825 -13588 
28859 -22056 
23959 -29820 
15411 -9232 
26767 -14564 
-341 14600 
-9593 -8780 
-26589 8480 
-27777 12108 
-5989 -3016 
29559 7140 
-12269 4688 
23151 892 
11915 -9368 
10343 17940 
-7165 -20608 
-17057 17324 
-12165 -4456 
-1705 23620 
-11277 -1872 
-17329 -4132 
-12693 11720 
-6585 24180 
-24605 -4640 
22335 2060 
10331 -26376 
-4297 19620 
18387 -28912 
-29137 -29636 
-8629 12328 
5159 9940 
-13373 -9152 
24863 31852 
-4037 -3240 
21783 -4860 
11187 -10896 
-12273 -10084 
24107 -7544 
-19961 -24780 
26531 31392 
-9473 -24372 
10267 -584 
10999 15716 
32659 -13360 
-32273 -11012 
19979 17640 
-16409 -14444 
29571 -14080 
-15137 29996 
-12293 -18408 
28887 15812 
17267 29232 
-23601 -32420 
-21013 22344 
15815 -24588 
-4253 -14496 
7871 -1652 
-6181 8824 
9911 -4572 
30547 -14192 
13743 -8772 
32203 6568 
11175 10324 
-9405 30144 
-5985 11756 
28603 15576 
19607 20100 
6963 -12560 
14223 -5604 
-16981 -29688 
-30329 24756 
14115 -11232 
8831 4684 
26523 1848 
-7561 24292 
12051 -31408 
-22161 -22916 
28043 -20888 
22375 18708 
771 -7552 
-13217 -22868 
-12421 -32360 
-6057 8004 
-19725 -5200 
-29873 4828 
-29333 -32568 
-27321 -7820 
16099 -24352 
-6593 -5364 
-22693 -21512 
24119 -28764 
-22829 528 
-8913 12092 
7499 808 
17191 10708 
-5437 3904 
28703 -8340 
-4293 -31144 
17431 -20476 
2739 -14224 
-24817 -1124 
7467 13704 
24839 8756 
1699 11680 
27135 -31796 
-22757 4280 
-26121 -32668 
-8557 16080 
-12049 30716 
-29429 6120 
-4377 -13676 
-28029 -1024 
-11297 -10196 
-12549 19224 
24535 196 
8819 25904 
29391 -23460 
27883 -21944 
-4921 8948 
-29085 31328 
-21057 -9076 
26331 13688 
-27209 12580 
-10669 15248 
-31569 -32580 
-17205 -4952 
23207 11092 
-1469 -22336 
-2145 -28436 
28347 -12328 
15255 4484 
-1485 -15888 
1679 3356 
31915 -8440 
14471 -7244 
-10717 -30944 
-20097 -2740 
-6501 6712 
20855 -24092 
-29165 -1968 
-1937 18812 
-21365 -32408 
-31129 19476 
8707 5504 
-9377 2476 
-12677 5272 
-10409 -7612 
-28173 -8528 
23119 13788 
19563 -11320 
17479 25716 
-8733 21472 
30015 -12788 
9819 -16648 
-13001 -11612 
1491 29968 
11311 -11716 
23627 -10712 
29223 11476 
2499 16960 
32543 17004 
-4549 6488 
13079 29444 
-5709 -17552 
28175 7836 
-9173 -30584 
4103 -23244 
-23133 -8032 
-1793 26316 
9755 9144 
2295 -15516 
15763 -20016 
8175 6908 
-13301 -5400 
7655 -12908 
-20093 12032 
-7457 15148 
-12805 -8680 
20183 -15420 
371 22576 
16847 -14500 
11243 -696 
-25657 -23052 
11619 11616 
15551 -16500 
-6693 18552 
1207 29732 
13651 -20848 
-11345 9148 
-1077 -16472 
-30297 11860 
6467 -9280 
1695 -3092 
28091 25304 
10903 -11132 
-9933 -19216 
-10865 12316 
15275 12808 
-6265 26292 
29987 14880 
16511 -10164 
26011 11576 
-16265 -6940 
-4845 27472 
18287 -4996 
-5237 21608 
-19097 20244 
16643 18560 
-5537 27820 
-12933 -22632 
-14761 -23228 
28915 -11856 
10575 22748 
2923 9928 
-3257 -6284 
31971 1760 
1087 -20212 
-23205 -11784 
15415 5540 
25811 -6128 
31535 30012 
-25781 -22232 
-24281 12244 
10435 30016 
-29153 -23188 
-4805 -21416 
8727 13828 
-14157 -20880 
15631 16796 
-25813 -9336 
-16633 10292 
17571 -27744 
-30721 18892 
-23269 14008 
30711 1636 
-25453 9424 
28399 -16900 
2827 -16920 
19687 -12140 
-12157 25088 
-3617 -25044 
-13061 28952 
15831 -31036 
-8077 19248 
4303 -5540 
-5397 20552 
19143 10484 
-13213 -8096 
-13377 -23924 
25819 23416 
29623 -18652 
-27565 8592 
8879 -14660 
15051 -27992 
-18265 12628 
14403 3776 
5535 22252 
27835 -2600 
6551 -26748 
-18381 -22544 
-23409 21276 
-1365 -31480 
-27001 -5708 
5155 -4832 
-12417 -17588 
-7013 16440 
12151 10212 
19475 -8624 
-27025 -28804 
10891 10088 
-7065 21012 
24579 31616 
-1697 -12372 
-13189 15000 
-19113 26692 
20467 -15184 
-1969 31708 
-13717 31176 
-23993 27252 
7139 -17952 
-27841 -27636 
9307 -6920 
-21705 22692 
-15405 23312 
-13777 6204 
-9653 31784 
-12249 13012 
18371 -22464 
-25313 2156 
-5061 16216 
4375 -1788 
-22605 -24208 
3087 25756 
23083 11912 
28167 -21708 
-7261 18080 
5887 11468 
9243 18872 
-6409 18788 
-1133 -26672 
-16913 24828 
18955 -28440 
31719 -11372 
-4221 -27392 
223 300 
-13317 1048 
11479 18884 
-16525 15920 
-8241 3420 
-22037 -23736 
-1593 -21516 
27491 -27808 
23231 -31348 
-7205 28280 
-7497 -1500 
-3245 -27504 
29103 27068 
31179 26024 
-6233 13396 
22339 16832 
9375 -17940 
27579 -30504 
2199 23172 
-26829 -25872 
29583 30236 
-18005 -10232 
17799 27828 
-19677 -24544 
24191 -25012 
25499 21304 
-24969 27364 
-21741 20816 
-6801 12924 
27019 -1432 
4967 21780 
32515 -20864 
2143 12972 
-13445 -12904 
-23465 11076 
12019 -18512 
-14513 -24868 
-30357 -13112 
20807 -4748 
-17693 27872 
8767 30476 
-23717 -2056 
6711 -25692 
8915 -12784 
6447 -17604 
6475 20264 
-217 13780 
26307 -9408 
-21473 27500 
-5317 -11688 
23 -17404 
-31053 -27536 
-9457 -30820 
6443 -32376 
7431 11828 
-32093 -1632 
-23041 4044 
-23781 23736 
22007 -29596 
23187 2768 
3311 1020 
-30453 25576 
-21785 -10604 
3715 -14336 
4063 25644 
-13573 -26856 
7127 3268 
-24973 12592 
-20785 12380 
26859 -2488 
-22329 12020 
2659 18016 
-5697 26764 
25307 -32392 
20919 15652 
21075 1936 
-16209 3260 
-18229 14504 
5799 14164 
30275 29888 
13215 7404 
27323 7128 
-2153 7556 
30259 -29200 
17039 -26340 
30891 11016 
-2937 -4172 
21027 21280 
-4737 -32436 
-7525 26168 
3447 -21020 
2579 -15280 
13423 -10884 
-22389 -12952 
16999 22548 
-25085 -7808 
5983 -27220 
-13701 24728 
-27817 -4540 
3571 -21840 
-27057 -15908 
18539 8136 
71 28788 
23011 8160 
-20161 23052 
8795 2808 
-30409 -8540 
-32301 16656 
26671 24124 
22603 8744 
11815 14548 
-31293 3648 
-17633 -12692 
-5573 25944 
-4329 32516 
26035 -30864 
-22001 -21860 
-10197 -11128 
-13305 -20172 
8611 -21344 
13567 -3380 
8731 28600 
-15113 -12444 
-18029 32208 
23535 -22788 
-14325 14056 
-9753 -9836 
11651 -1280 
7903 -14548 
-13829 10776 
2775 -12348 
32115 9264 
32207 21340 
10219 18760 
22471 -19980 
-22173 -1696 
30911 19340 
-7717 -27528 
-16201 -32732 
-20141 31376 
4015 -20548 
-2101 2984 
17831 14932 
-27325 -22592 
17055 32748 
27067 -20776 
-6505 -8060 
21811 -32528 
4495 -17380 
14251 32264 
-23673 29364 
-3805 1568 
31871 25676 
24987 31032 
31863 -3868 
26899 14160 
-31889 30844 
-6261 -24472 
29031 23316 
-17149 5248 
9823 -1876 
-13957 -3176 
-32169 -20156 
-4877 -25168 
25935 -6948 
1899 29384 
-20665 -3212 
-1821 -11552 
16447 15628 
-24229 7672 
-1993 8612 
-7981 -19440 
-18641 316 
-26805 -2776 
23847 15316 
-23357 16704 
-13793 12652 
-5829 -1960 
-8681 16900 
17587 31344 
30991 -12900 
-26837 10120 
31495 13364 
-16221 24480 
-15361 -10804 
-24293 -32072 
13303 4708 
6291 -3888 
-21777 18940 
1803 2536 
2279 -9068 
19587 11776 
11743 10796 
-14085 -17128 
-1577 -27964 
23667 5936 
19663 30300 
-6421 -25528 
1735 13556 
18531 -21408 
1983 11916 
24795 -22664 
12215 -15580 
4179 -4720 
24239 21180 
14027 -8536 
29863 15700 
-19389 -9536 
20895 -7444 
26811 16856 
-10857 -23676 
13363 29680 
-8049 -8420 
-2389 -12024 
21127 -2636 
-28637 -18144 
2943 18252 
-8037 -29640 
-5257 13284 
-14317 -21936 
-11665 7036 
9867 29544 
-24473 24084 
-9213 18304 
13663 23468 
-14213 -31080 
29015 29764 
-13325 -28496 
13391 2012 
-14741 -14904 
24135 30324 
-26653 -31264 
-12481 8204 
8283 12536 
26423 25764 
16339 10000 
1583 -23492 
-10677 -14296 
-29657 16084 
-15421 29760 
-9953 -27540 
-6085 -29864 
-13033 1284 
9139 28016 
18447 -3940 
22059 31368 
10759 -18636 
24483 4768 
21247 -18228 
8219 -27208 
-23817 21860 
30611 25552 
-1553 -4868 
17931 -8984 
14311 -8300 
27523 24832 
15583 -29396 
-14341 20504 
-5929 21956 
15219 2608 
7119 -26276 
-23061 -4280 
-19001 -18444 
-6301 24416 
-26945 4492 
-8229 -17800 
-24905 1572 
28499 24720 
-21073 -2628 
30155 -20056 
-23641 16468 
-11453 3520 
24735 17900 
26555 -11048 
-15209 26244 
4915 26352 
-20593 540 
-19029 9224 
391 30900 
12067 27680 
-25985 10828 
24475 -24776 
23159 30436 
10003 7504 
8559 -16772 
25995 18024 
-12441 24852 
-1277 31360 
17503 -16724 
-14469 6552 
24663 14148 
-21773 -31824 
847 10972 
-31381 6344 
3399 -1676 
14051 14560 
24127 780 
-24741 17400 
-10697 -22620 
-24877 -26096 
21807 18236 
5451 -25816 
-17625 16852 
-7485 -22720 
-6113 -2196 
-6341 7768 
-17385 -14332 
691 24688 
5903 5020 
5419 -12920 
-9977 14900 
-349 -14944 
-7681 -25652 
-24805 -22344 
4599 -26524 
-10605 -10544 
18671 -28676 
-31477 -20504 
26343 -7532 
-30077 -27648 
19423 -4052 
-14597 -7400 
-10281 6340 
6771 -720 
-5425 -17316 
25835 16968 
25799 15092 
-31133 4704 
9663 -2932 
24283 -12936 
3511 18724 
-12717 -11376 
-849 -26436 
-19253 -31576 
-11609 17236 
-3517 16576 
28575 -22292 
26299 26584 
-19561 10628 
-3533 23024 
32399 9500 
29867 30472 
-20345 -1100 
-12765 7968 
10623 3404 
-8549 -19912 
-13961 -17948 
-31213 -28592 
28783 24956 
-23413 6504 
-409 25620 
6659 -21120 
21343 8620 
-14725 -21352 
20311 -1468 
-30221 30384 
-11697 19932 
17515 27592 
-17337 31860 
-10781 -5152 
-4801 -6644 
7771 22264 
17719 -5468 
-557 3344 
-23505 -5572 
21579 28200 
-5593 17620 
451 -9664 
-2273 23148 
-6597 -20136 
-21737 -29948 
-7757 21360 
-6641 13980 
-11221 8328 
-30713 -17100 
-25181 30880 
28927 32460 
7707 -17480 
-32521 -9372 
13715 18896 
-26641 13052 
-15349 -32024 
-27161 -6764 
-22141 -14592 
23263 21292 
-14853 30232 
-14633 -9276 
-1677 -4048 
-17969 -8356 
9195 -27320 
5063 -16908 
9571 -15008 
-19265 -10356 
-8741 -8072 
31927 -29660 
11603 18064 
19375 15292 
-3125 22440 
423 18004 
4419 29632 
32415 3052 
26043 -1320 
-23913 -4988 
-11981 19696 
19855 18460 
13227 -13816 
24455 32436 
27939 -11744 
-18305 -4020 
23963 -15048 
14455 -796 
-6893 848 
-16529 1148 
-7285 -5016 
11623 26388 
14595 -8064 
25183 -31572 
-14981 16280 
15959 -17084 
26867 27056 
-24241 28892 
875 -16696 
27463 -140 
29923 -24864 
31807 -14068 
-25253 27128 
-19401 11684 
23763 -32752 
-3281 -29380 
-27829 16680 
6439 18388 
8387 3392 
1567 -17044 
-6853 17496 
-26089 19972 
-16205 18032 
-19185 22940 
-27861 29576 
14087 16436 
15523 11168 
-1 25036 
-25317 -12616 
-4105 7780 
-27501 -17200 
-6417 -10756 
779 21992 
-15129 -5996 
-14205 -1536 
27103 -18900 
-15109 2328 
-18985 -24892 
-10125 -7376 
-30513 604 
-7445 -6072 
-15673 16628 
-15261 30816 
17343 -17780 
23771 -3208 
-5193 -12508 
-29613 -18032 
-25937 -8516 
13003 10920 
12455 18772 
12355 -22848 
-29281 28396 
25787 -29224 
-28265 -20604 
-20429 16368 
7311 27420 
-3413 7432 
3719 436 
3107 -31456 
18303 -11444 
-9061 -10184 
-22665 16356 
17427 30288 
3695 -22660 
8843 -16536 
23655 27156 
22531 4992 
29023 -6228 
-15237 -11624 
11607 -32700 
18419 23728 
28751 -27684 
-15765 4552 
6727 -32140 
5091 20960 
2879 -21492 
7259 31992 
9015 28836 
-17453 -3312 
16943 12348 
-11701 5160 
18471 19156 
16323 16448 
5407 8300 
-7109 -10408 
-30441 4356 
-24653 14704 
-31729 31900 
21035 -14712 
-6649 -15564 
-9309 -8544 
-28929 17612 
7195 -7752 
24311 24932 
-3181 12240 
13807 30972 
16907 10472 
-3097 -5228 
-6269 11520 
30943 6444 
-15365 -25576 
-23337 25028 
-18573 -10704 
22479 9564 
-24085 15176 
29127 -15372 
25443 11104 
-11585 -25204 
-9253 1656 
23223 4644 
-5293 11408 
-5713 -32324 
29131 -600 
24487 19540 
20291 -9792 
-25441 -11796 
25531 8408 
-32617 29316 
-28877 13040 
-5233 -29156 
-20053 28680 
-17017 -31564 
-21725 14368 
-10625 -18868 
23451 -5320 
5751 -32028 
-23789 -5808 
23919 19068 
24971 -28056 
-29849 27924 
30467 18048 
-32673 19116 
-15493 26008 
7255 17220 
9971 20400 
16207 -18724 
-32405 25800 
-14009 1396 
-19741 1248 
-26049 -28916 
-25765 -28680 
-28105 -19548 
6867 26128 
-28369 -11460 
4427 -6360 
30503 19924 
24259 29504 
9247 -31892 
-7365 27224 
30743 -11260 
32435 11376 
21263 -24676 
4395 6536 
-27385 17972 
31395 -28256 
7679 10188 
-25829 -2888 
-12809 -23452 
21139 -23856 
-31505 7164 
-32501 -1048 
8935 -4460 
1667 24576 
-30753 31788 
-15621 12056 
-27689 9412 
-27021 -14032 
9935 18524 
24811 -29112 
8391 18164 
611 -8608 
25023 -32628 
23259 6520 
-13897 21796 
19027 -24688 
14511 9404 
-20277 -12120 
-29017 20308 
28227 3264 
-21601 13548 
25275 -19496 
28567 13700 
28211 9712 
-17777 -20196 
28843 -15608 
27783 1972 
18979 -5344 
25983 -26292 
-9573 -456 
-31369 -14876 
531 23632 
-21393 -4740 
-24437 25960 
-17817 28692 
-27133 31104 
-28833 -21076 
-15749 -1896 
2903 1604 
1523 17072 
3663 -9764 
16491 -18488 
30791 -30604 
20963 -18464 
10559 29196 
6747 -23816 
311 -2396 
31187 -9968 
-8145 30268 
20555 -17880 
-23001 20692 
32195 -22976 
13087 -6548 
-7621 -680 
26391 -26876 
23987 8048 
8719 -15716 
-12245 27784 
17415 -14028 
6563 17568 
-21249 2764 
6683 1976 
15607 -6300 
-20077 5584 
-11281 -16644 
-16373 -12568 
20967 -3692 
9603 -27904 
-26913 -8404 
-15877 -15848 
-32041 -6204 
30067 -17360 
-2609 27484 
8171 -7864 
-12345 -13836 
-24221 -28320 
-3905 25484 
-9765 11384 
14519 -26588 
-22189 4752 
-30801 -14404 
-4149 -23640 
-16985 21076 
-29373 16320 
-17761 -26644 
25019 18136 
24215 -1916 
19763 6384 
-30321 -11236 
12203 5640 
7047 -30028 
-5853 -25056 
-2945 31820 
22939 4408 
-2953 2276 
24851 -12464 
-1169 -28548 
-8309 14440 
-5785 29460 
-19197 -21376 
-24993 4268 
-16005 -29800 
-1449 -14012 
-6925 13744 
-8881 -804 
-149 2760 
10055 2932 
-3869 27360 
-18369 21772 
-26277 -18952 
28727 14756 
-10029 19472 
12079 6460 
-28853 -29400 
-10969 21460 
-25405 -9920 
16927 18796 
-7877 -28584 
22039 23044 
15539 4720 
-3825 -6756 
-28885 -16504 
-3321 19508 
-18269 -2144 
15359 -4660 
-26341 6840 
-21513 10852 
4243 -30512 
8943 25084 
-245 -24088 
-32537 -2924 
17539 -14848 
-23073 16940 
-16133 21784 
29143 -21820 
21619 -20688 
-15153 -29092 
-8469 13384 
32455 19700 
16483 17504 
32703 18060 
22747 16248 
-22601 -9436 
2131 -31344 
-10577 27324 
11979 30376 
-4953 21844 
-21437 29376 
-13921 -1300 
24763 -9768 
19863 -17532 
11315 3056 
22671 -2276 
-4437 26888 
-13689 3508 
-30685 20768 
-31873 24396 
-10085 9272 
25463 19428 
-16365 16976 
19055 13180 
7819 2920 
6247 30228 
-11261 -8320 
-21153 29612 
-16261 7832 
-5801 -29628 
-15373 10416 
-21425 8156 
-16789 24008 
-10681 -29068 
-28701 7648 
18239 14348 
6235 -14088 
-8393 31908 
14291 -16624 
32303 -17348 
-12725 24616 
1063 22228 
-17469 3136 
20767 -21396 
-8133 9048 
17687 7428 
7091 1392 
-16369 2204 
20011 4744 
-24057 -12492 
22435 -21856 
-13569 -12084 
6171 11704 
6903 28004 
28563 -1072 
29167 1276 
15883 29928 
-20505 -2156 
25475 -1792 
-19233 -23252 
-16389 -6120 
24791 28100 
13171 -24016 
-27697 -20132 
-25109 -30904 
11719 -12300 
-8349 -2208 
3775 10636 
-10277 21112 
5815 7716 
26451 -1904 
9647 3516 
28107 18856 
7079 22612 
-13501 -23104 
-10081 24044 
24507 27864 
15511 32388 
2867 -272 
10127 6684 
-21077 -17400 
31111 -28492 
10019 1056 
4735 16972 
22427 14136 
-11657 -28956 
7955 -19120 
-26257 -10628 
23947 -8600 
18279 30996 
-3325 4736 
-17313 -10580 
-16517 -20072 
-10153 20292 
-23821 7088 
31567 17116 
32107 -20280 
-31417 4468 
12003 -12064 
-10689 6924 
-26789 -9224 
20023 -16476 
-26925 12816 
-13009 24380 
3403 13096 
13095 22996 
-9533 16192 
24607 3948 
-8389 -18856 
13335 -8188 
-1357 -1936 
-28913 11164 
3371 25992 
20743 21044 
-2397 23968 
23039 -19508 
-26853 16568 
-30217 -20380 
-12653 28368 
-16145 -22532 
32011 18408 
-8473 -1388 
-32125 11264 
-15393 2092 
-16645 31512 
20439 12484 
4723 -27344 
25295 -11172 
23787 -9656 
-9017 21236 
32355 -21920 
-25153 3212 
22235 25976 
-31305 24868 
-14765 27536 
29871 -20292 
-21301 7336 
19111 23380 
-5565 -10048 
-6241 -16148 
24251 -40 
11159 16772 
-5581 -3600 
-2417 15644 
27819 3848 
10375 5044 
-14813 -18656 
-24193 9548 
-10597 19000 
16759 -11804 
32275 10320 
-6033 31100 
-25461 -20120 
30311 31764 
4611 17792 
-13473 14764 
-16773 17560 
-14505 4676 
-32269 3760 
19023 26076 
15467 968 
13383 -27532 
-12829 -31776 
25919 -500 
5723 -4360 
-17097 676 
-2605 -23280 
7215 572 
19531 1576 
25127 23764 
-1597 29248 
28447 29292 
-8645 18776 
8983 -23804 
-9805 -5264 
24079 20124 
-13269 -18296 
7 -10956 
-27229 4256 
-5889 -26932 
5659 21432 
-1801 -3228 
11667 -7728 
4079 19196 
-17397 6888 
3559 -620 
-24189 24320 
-11553 27436 
-16901 3608 
16087 -3132 
-3725 -30672 
12751 -2212 
7147 11592 
-29753 -10764 
7523 23904 
11455 -4212 
-10789 30840 
-2889 -23516 
9555 -8560 
-15441 21436 
-5173 -4184 
31143 24148 
2371 3008 
-2401 9196 
23995 -27944 
6807 1156 
-14029 -6928 
-14961 24604 
11179 25096 
-10361 -26956 
25891 27168 
12415 2124 
21915 23864 
-20361 5348 
-8941 -25776 
14191 7292 
-9333 -31640 
-23193 32532 
12547 30848 
-9633 -25428 
-17029 -10344 
-18857 -10940 
24819 432 
6479 -30500 
-1173 22216 
-7353 6004 
27875 14048 
-3009 -7924 
-27301 504 
11319 17828 
21715 6160 
27439 -23236 
-29877 -9944 
-28377 24532 
6339 -23232 
32287 -10900 
-8901 -9128 
4631 26116 
-18253 -8592 
11535 29084 
-29909 2952 
-20729 22580 
13475 -15456 
30719 31180 
-27365 26296 
26615 13924 
-29549 21712 
24303 -4612 
-1269 -4632 
15591 148 
-16253 -28160 
-7713 -12756 
-17157 -24296 
11735 -18748 
-12173 31536 
207 6748 
-9493 -32696 
15047 22772 
-17309 4192 
-17473 -11636 
21723 -29832 
25527 -6364 
-31661 20880 
4783 -2372 
10955 -15704 
-22361 24916 
10307 16064 
1439 -30996 
23739 9688 
2455 -14460 
-22477 -10256 
-27505 -31972 
-5461 -19192 
-31097 6580 
1059 7456 
-16513 -5300 
-11109 28728 
8055 22500 
15379 3664 
-31121 -16516 
6795 22376 
-11161 -32236 
20483 -21632 
-5793 -84 
-17285 27288 
-23209 -26556 
16371 -2896 
-6065 -21540 
-17813 -22072 
-28089 -25996 
3043 -5664 
-31937 -15348 
5211 5368 
-25801 -30556 
-19501 -29936 
-17873 18492 
-13749 -21464 
-16345 25300 
14275 -10176 
-29409 14444 
-9157 28504 
279 10500 
-26701 -11920 
-1009 -27492 
18987 24200 
24071 -9420 
-11357 30368 
1791 23756 
5147 31160 
-10505 31076 
-5229 -14384 
-21009 -28420 
14859 -16152 
27623 916 
-8317 -15104 
-3873 12588 
-17413 13336 
7383 31172 
-20621 28208 
-12337 15708 
-26133 -11448 
-5689 -9228 
23395 -15520 
19135 -19060 
-11301 -24968 
-11593 10788 
-7341 -15216 
25007 -26180 
27083 -27224 
-10329 25684 
18243 29120 
5279 -5652 
23483 -18216 
-1897 -30076 
-30925 -13584 
25487 -23012 
-22101 2056 
13703 -25420 
-23773 -12256 
20095 -12724 
21403 -31944 
-29065 -25884 
-25837 -32432 
-10897 25212 
22923 10856 
871 -31468 
28419 -8576 
-1953 25260 
-17541 -616 
-27561 23364 
7923 -6224 
-18609 -12580 
31083 -824 
16711 7540 
-21789 -25376 
4671 -22772 
-27813 10232 
2615 -13404 
4819 -496 
2351 -5316 
2379 32552 
-4313 26068 
22211 2880 
-25569 -25748 
-9413 600 
-4073 -5116 
30387 -15248 
-13553 -18532 
2347 -20088 
3335 24116 
29347 10656 
-27137 16332 
-27877 -29512 
17911 -17308 
19091 15056 
-785 13308 
30987 -27672 
-25881 1684 
-381 -2048 
-33 -27604 
-17669 -14568 
3031 15556 
-29069 24880 
-24881 24668 
22763 9800 
-26425 24308 
-1437 30304 
-9793 -26484 
21211 -20104 
16823 27940 
16979 14224 
-20305 15548 
-22325 26792 
1703 26452 
26179 -23360 
9119 19692 
23227 19416 
-6249 19844 
26163 -16912 
12943 -14052 
26795 23304 
-7033 8116 
16931 -31968 
-8833 -20148 
-11621 -27080 
-649 -8732 
-1517 -2992 
9327 1404 
-26485 -664 
12903 -30700 
-29181 4480 
1887 -14932 
-17797 -28520 
-31913 7748 
-525 -9552 
-31153 -3620 
14443 20424 
-4025 -24460 
18915 20448 
-24257 -30196 
4699 15096 
31031 3748 
29139 28944 
22575 -29124 
18507 21032 
7719 26836 
30147 15936 
-21729 -404 
-9669 -27304 
-8425 -20732 
21939 -18576 
-26097 -9572 
-14293 1160 
-17401 -7884 
4515 -9056 
9471 8908 
4635 -24648 
-19209 -156 
-22125 -21040 
19439 -10500 
-18421 26344 
-13849 2452 
7555 11008 
3807 -2260 
-17925 23064 
-1321 -60 
28019 21552 
28111 -31908 
6123 31048 
18375 -7692 
-26269 10592 
26815 31628 
-11813 -15240 
-20297 -20444 
-24237 -21872 
-81 -8260 
-6197 15272 
13735 27220 
-31421 -10304 
12959 -20500 
22971 -8488 
-10601 4228 
17715 -20240 
399 -5092 
10155 -20984 
-27769 -23884 
-7901 13856 
27775 -27572 
20891 -22216 
27767 8420 
22803 26448 
29551 -22404 
-10357 -12184 
24935 -29932 
-21245 17536 
5727 10412 
-18053 9112 
29271 -7868 
-8973 -12880 
21839 5340 
-2197 -23864 
-24761 9076 
-5917 736 
12351 27916 
-28325 19960 
-6089 20900 
-12077 -7152 
-22737 12604 
-30901 9512 
19751 27604 
-27453 28992 
-17889 24940 
-9925 10328 
-12777 29188 
13491 -21904 
26895 -612 
-30933 22408 
27399 25652 
-20317 -28768 
-19457 1484 
-28389 -19784 
9207 16996 
2195 8400 
-25873 31228 
-2293 14824 
-1817 3220 
15491 24064 
7647 23084 
-18181 -4840 
-5673 -15676 
19571 18224 
15567 -22948 
-10517 -13240 
-2361 25844 
14435 -9120 
-2113 24204 
20699 -10376 
8119 -3292 
83 7568 
20143 -32068 
9931 3752 
25767 27988 
-23485 2752 
16799 4844 
22715 29144 
-14953 -11388 
9267 -23568 
-12145 3868 
-6485 264 
17031 9652 
-32733 -5856 
-1153 30540 
-12133 -17352 
-9353 25572 
-18413 -9648 
-15761 19324 
5771 -23704 
-28569 -29164 
-13309 30592 
9567 -29780 
-18309 -18792 
24919 -23484 
-17421 -16208 
9295 14300 
-18837 -2616 
20039 -22924 
-30749 -18976 
-16577 20492 
4187 24824 
22327 -27484 
12243 22288 
-2513 -11204 
-14773 -2008 
31783 28372 
-19517 -23488 
-14049 -15252 
-10181 -17576 
-17129 13572 
5043 -25232 
14351 8348 
17963 -21880 
6663 -6348 
20387 17056 
17151 -5940 
4123 -14920 
-27913 -31388 
26515 -27696 
-5649 7420 
13835 3304 
10215 3988 
23427 -28416 
11487 -17108 
-18437 -32744 
-10025 -31292 
11123 14896 
3023 -13988 
-27157 8008 
-23097 -6156 
-10397 -28832 
-31041 16780 
-12325 -5512 
-29001 13860 
24403 -28528 
-25169 9660 
26059 -7768 
-27737 28756 
-15549 15808 
20639 30188 
22459 1240 
-19305 -27004 
819 -26896 
-24689 12828 
-23125 21512 
-3705 -22348 
7971 -25568 
-30081 23116 
20379 -12488 
19063 -22812 
5907 19792 
4463 -4484 
21899 30312 
-16537 -28396 
-5373 -21888 
13407 -4436 
-18565 18840 
20567 26436 
-25869 -19536 
-3249 23260 
30059 18632 
-697 10612 
9955 26848 
20031 13068 
-28837 29688 
-14793 -10332 
-28973 -13808 
17711 30524 
1355 -13528 
-21721 29140 
-11581 -10432 
-10209 10092 
-10437 20056 
-21481 -2044 
-3405 -28560 
1807 17308 
1323 -632 
-14073 27188 
-4445 -2656 
-11777 -13364 
-28901 -10056 
503 -14236 
-14701 1744 
14575 -16388 
29963 -8216 
22247 4756 
31363 -15360 
15327 8236 
-18693 4888 
-14377 18628 
2675 11568 
-9521 -5028 
21739 29256 
21703 27380 
30307 16992 
5567 9356 
20187 -648 
-585 31012 
-16813 912 
-4945 -14148 
-23349 -19288 
-15705 29524 
-7613 28864 
24479 -10004 
22203 -26664 
-23657 22916 
-7629 -30224 
28303 21788 
25771 -22776 
-24441 11188 
-16861 20256 
6527 15692 
-12645 -7624 
-18057 -5660 
30227 -16304 
24687 -28292 
-27509 18792 
-4505 -27628 
2563 -8832 
17247 20908 
-18821 -9064 
16215 10820 
31219 -22864 
-15793 32220 
13419 -25656 
-21433 -21388 
-14877 7136 
-8897 5644 
3675 -30984 
13623 6820 
-4653 15632 
-27601 6716 
17483 -25048 
-9689 29908 
-3645 2624 
-6369 -30100 
-10693 -7848 
-25833 -17660 
-11853 -31888 
-10737 26268 
-15317 20616 
30727 -4812 
-29277 -22368 
24831 -20788 
3611 -5192 
28919 2916 
9619 31184 
-30737 25340 
-19445 -19736 
-31257 5524 
-26237 -2304 
19167 -31956 
-18949 -23016 
-18729 3012 
-5773 8240 
-22065 3932 
5099 -15032 
967 -4620 
5475 -2720 
-23361 1932 
-12837 4216 
27831 -17372 
7507 30352 
15279 27580 
-7221 -30808 
-3673 30292 
323 -23616 
28319 15340 
21947 10968 
-28009 7300 
-16077 31984 
15759 30748 
9131 -1528 
20359 -20812 
23843 544 
-22401 8268 
19867 -2760 
10359 11492 
-10989 13136 
-20625 13436 
-11381 7272 
7527 -26860 
10499 4224 
21087 -19284 
-19077 28568 
11863 -4796 
22771 -26192 
-28337 -24356 
-3221 -4408 
23367 12148 
25827 -12576 
27711 -1780 
-29349 -26120 
-23497 23972 
19667 -20464 
-7377 -17092 
-31925 28968 
2343 30676 
4291 15680 
-2529 -4756 
-10949 29784 
-30185 32260 
-20301 30320 
-23281 -30308 
-31957 -23672 
9991 28724 
11427 23456 
-4097 -28212 
-29413 -328 
-8201 20068 
-31597 -4912 
-10513 1532 
-3317 -31256 
-19225 6292 
-18301 10752 
23007 -6612 
-19205 14616 
-23081 -12604 
-14221 4912 
30927 12892 
-11541 6216 
-19769 28916 
-19357 -22432 
13247 -5492 
19675 9080 
-9289 -220 
31827 -5744 
-30033 3772 
8907 23208 
8359 31060 
8259 -10560 
32159 -24852 
21691 -16936 
-32361 -8316 
-24525 28656 
3215 -25828 
-7509 19720 
-377 12724 
-989 -19168 
14207 844 
-13157 2104 
-26761 28644 
13331 -22960 
-401 -10372 
4747 -4248 
19559 -26092 
18435 17280 
24927 6060 
-19333 664 
7511 -20412 
14323 -29520 
24655 -15396 
-19861 16840 
2631 -19852 
995 -32288 
-1217 -9204 
3163 -21256 
4919 -24412 
-21549 8976 
12847 24636 
-15797 17448 
14375 31444 
12227 28736 
1311 20588 
-11205 1880 
30999 16644 
-28749 26992 
29711 -21348 
16939 -2424 
-10745 -3276 
-13405 3744 
32511 29900 
3099 4536 
20215 -28316 
-7277 24528 
9711 -22276 
12811 22760 
-7193 7060 
-10365 23808 
26847 18732 
-19461 -13288 
-27433 -28220 
-22669 1584 
18383 21852 
-28181 27464 
25031 -3084 
21347 23392 
-15681 -12916 
-13349 13944 
19127 16932 
-9389 23696 
-9809 -20036 
25035 11688 
20391 31828 
16195 2496 
-29537 492 
21435 20696 
28823 -23932 
32563 25328 
-9329 -16868 
-24149 -24568 
-21113 -19276 
-25821 26656 
-14721 -6580 
19355 6968 
1655 -19740 
-27885 6480 
19823 31356 
20875 -15768 
31591 -25324 
26371 30336 
28767 31404 
-19589 -27240 
3159 29508 
5875 32688 
12111 -6436 
29035 -27448 
-18105 13684 
-23837 13536 
-30145 -16628 
-29861 -16392 
-32201 -7260 
2771 -27120 
-32465 828 
331 5928 
26407 32212 
20163 -23744 
5151 -19604 
-11461 -26024 
26647 1028 
28339 23664 
17167 -12388 
299 18824 
-31481 30260 
27299 -15968 
3583 22476 
-29925 9400 
-16905 -11164 
17043 -11568 
29935 19452 
28939 11240 
4839 7828 
-2429 -28672 
30687 -21460 
-19717 24344 
-31785 21700 
-31117 -1744 
5839 30812 
20715 -16824 
4295 30452 
-3485 3680 
20927 -20340 
19163 18808 
-17993 -31452 
14931 -12400 
10415 21692 
-24373 168 
32423 32596 
24131 15552 
-25697 25836 
21179 -7208 
24471 25988 
24115 22000 
-21873 -7908 
24747 -3320 
23687 14260 
14883 6944 
21887 -14004 
-13669 11832 
30071 -2588 
-3565 -29616 
-25489 7548 
-28533 -27288 
-21913 -24556 
-31229 -22144 
32607 -8788 
-19845 10392 
-1193 13892 
-2573 29360 
-433 2524 
12395 -6200 
26695 -18316 
16867 -6176 
6463 -24052 
2651 -11528 
-3785 9892 
27091 2320 
-12241 -22980 
16459 -5592 
-27097 -32556 
28099 -10688 
8991 5740 
-11717 11608 
22295 -14588 
19891 20336 
4623 -3428 
-16341 -25464 
13319 -1740 
2467 29856 
-25345 15052 
2587 14264 
11511 5988 
-24173 17872 
-15377 -4356 
-20469 -280 
16871 8596 
5507 -15616 
-31009 3884 
-19973 -3560 
29399 6084 
25971 -5072 
-6705 -25764 
4075 4424 
-16441 -1548 
-28317 -16032 
-8001 -27764 
-13861 23672 
10423 -14300 
-26285 17040 
30639 -2116 
-8245 -11352 
-21081 -32172 
32067 28608 
-21857 -14356 
20923 30424 
20119 10372 
15667 18672 
31119 1052 
8107 17928 
2951 -17740 
-9949 -12768 
-7041 -21428 
18843 16696 
-7049 14564 
20755 -176 
-5265 -16260 
-12405 26728 
-9881 -23788 
-23293 -9088 
-29089 16556 
-20101 -17512 
-5545 -1724 
-11021 26032 
-12977 11484 
-4245 15048 
5959 15220 
-7965 -25888 
-22465 -31476 
-30373 -6664 
24631 27044 
-14125 31760 
7983 18748 
32587 -17112 
-15065 -31788 
-29501 2368 
12831 31084 
-11973 -16296 
17943 -30204 
11443 17008 
-7921 5532 
32555 -4216 
-7417 31796 
-22365 10144 
11263 7628 
-30437 19128 
-25609 23140 
147 -18224 
4847 -28164 
-4341 -11800 
28903 9364 
13443 -2560 
-27169 29228 
-20229 -31464 
25047 -9532 
17523 -8400 
-19249 -16804 
-12565 25672 
28359 31988 
12387 29792 
28607 30348 
18651 28536 
-26697 2852 
-1965 -19056 
-14673 -25924 
7883 -22872 
-9049 -31404 
-25533 -23872 
-18017 10988 
20667 2520 
15767 -5244 
7219 15344 
18575 10012 
-8533 -26360 
-17785 15796 
30755 -32480 
29567 -28852 
-14181 21560 
21367 31716 
-20461 29264 
14959 25468 
3723 15208 
2151 -23020 
-15357 3968 
-25249 -23636 
-20357 20120 
-9897 -17340 
-19469 22704 
-25521 20444 
-20885 -29240 
-14777 -16780 
32739 19936 
14143 26636 
2139 -1800 
-12489 -21340 
10195 -4336 
28207 -5060 
-16821 -28632 
-3033 -31020 
-21565 15424 
16671 -9108 
-12229 21336 
13591 19716 
2995 13680 
-20465 14492 
15915 17032 
-28153 -204 
18339 -9568 
-17665 204 
2075 23992 
2807 -25244 
24467 11216 
25071 13564 
11787 -23320 
-24601 10132 
21379 10496 
-23329 -10964 
-20485 6168 
20695 -25148 
9075 -11728 
-31793 -7844 
-29205 -18616 
7623 -12 
-12445 10080 
-321 22924 
-14373 -32136 
1719 20004 
22355 10384 
5551 15804 
24011 31144 
2983 -30636 
-17597 -10816 
-14177 -29204 
20411 -25384 
11415 -20860 
-1229 12016 
6031 18972 
-25173 -5112 
27015 -16204 
5923 13344 
639 29260 
18331 26424 
-15753 -16668 
3859 -6832 
-30353 1660 
19851 3688 
14183 -22252 
-7421 17024 
-21409 1708 
-20613 -7784 
-14249 32580 
-27917 19376 
27471 29404 
28011 -7992 
30023 16756 
7907 224 
-14785 19212 
-30885 3064 
15927 -4188 
-31021 25104 
-17105 -28868 
-693 25384 
8999 -30252 
-13629 28480 
20511 16236 
-12485 -6568 
9239 4100 
-5453 10352 
32527 23452 
-725 -27256 
16647 -32204 
-6493 -29280 
18943 -7220 
-30949 28856 
31223 -8092 
-16749 -24880 
-20241 -10244 
27915 30696 
-12569 10900 
29315 23552 
-19489 14380 
-20741 -21736 
16343 24772 
627 -15056 
21199 1116 
19691 2632 
-13113 -32012 
28259 -9632 
-29249 15500 
18139 -27272 
30135 -28380 
-18861 -25712 
25775 -8004 
-25397 19624 
15015 -29868 
-9661 2240 
-10337 -3860 
20155 12248 
7063 29060 
-9677 8688 
-6513 27932 
23723 16136 
6279 17332 
-18909 -6368 
-28289 21836 
-14693 31288 
12663 484 
28179 22608 
-10129 -22148 
-29557 -7832 
26215 -21484 
515 30080 
-17569 27052 
-20869 29848 
-18601 16964 
29171 16048 
14927 -27172 
11371 13256 
9287 -15244 
-16925 -19488 
21823 11788 
1627 7928 
-21193 12964 
-6701 -10992 
3119 12860 
15435 13864 
21031 -29484 
-5693 -24000 
24351 -23956 
-12741 31064 
4887 -11516 
-13901 7024 
19983 32412 
-17365 -6008 
-4089 1332 
-31325 16544 
-9985 -14644 
1563 -31816 
-5897 9060 
7571 4560 
-17 31484 
-21493 19176 
-537 11668 
-28285 -28928 
-15649 -25812 
-20997 15896 
11991 9156 
-7821 -18384 
8655 10076 
3051 23880 
31687 1524 
3427 -29344 
7359 8076 
-14885 -22408 
-6985 -11228 
5459 3728 
-19537 -31812 
-9269 8104 
27047 -29100 
-1725 15296 
-6497 21484 
19899 -15656 
2711 13444 
-18125 5360 
-19057 -28644 
7083 -28152 
-14457 -14668 
21795 -26080 
8319 14412 
17819 -29384 
-24457 17636 
-13037 -13488 
10095 19580 
-13429 -19352 
-27289 -20716 
8451 -22400 
-13729 -13140 
-21125 1944 
-22953 1348 
20723 12720 
2383 -18212 
-5269 -31032 
-11449 18292 
23779 26336 
-7105 4364 
-31397 12792 
7223 30116 
17619 18448 
23343 -10948 
31563 2344 
-32473 -28716 
2243 -10944 
28191 1388 
-12997 3160 
535 -27132 
-22349 3696 
7439 -24164 
31531 15240 
-24825 -30668 
9379 -3168 
26623 -22068 
-31461 -26952 
22519 26212 
31891 -31536 
20207 7676 
-5365 7656 
11495 12436 
-20349 -15872 
-11809 -468 
-21253 -12008 
7639 -6460 
-16269 -21712 
-3889 19036 
-13589 -20408 
10951 -30476 
-21405 16480 
-21569 652 
17627 -17544 
21431 5924 
29779 -32368 
687 9916 
6859 -3416 
-26457 -28332 
6211 28352 
-2657 -18708 
19643 21976 
-1641 -2172 
-26573 2032 
-31601 -19684 
-9557 -6904 
30343 18868 
-3037 19744 
-20609 6988 
-15205 -24520 
3959 -30748 
11283 15952 
30319 -4228 
2699 -30872 
-15257 -19948 
16387 -9344 
-9889 12204 
-21381 -25960 
-27305 -14268 
12275 9392 
-10161 -9252 
-21909 -9784 
-32185 -13708 
-1053 6624 
29503 -3060 
1115 17656 
-29897 -18268 
-23597 -17648 
-21969 30780 
-17845 -9176 
-20441 -27948 
10179 2112 
32031 26732 
-13253 -24744 
-3817 22788 
-30797 368 
-5105 -15204 
14891 -29048 
19975 2868 
-15453 -22880 
-2305 -29492 
1051 -22088 
-14601 -22172 
-9325 -2096 
-25105 -16132 
10763 -3864 
23527 13204 
-12413 -2816 
-7969 24876 
-21509 25624 
3287 -22076 
-24717 -25040 
-16433 27996 
-30229 840 
-9785 3060 
19299 -3232 
15039 -6772 
-15397 -12680 
-15689 23076 
-11437 -2928 
20911 -13892 
22987 -14936 
-14425 -27564 
14147 -24128 
1183 6636 
19387 -5928 
-5993 -17788 
30515 -1296 
21391 -10724 
-26197 14344 
9607 -13132 
-27869 32 
15999 -436 
17307 -19656 
32375 -13596 
-29933 -20144 
-14993 -28036 
18827 23144 
-3225 -19180 
24323 3712 
-6049 -27988 
-21637 11672 
-31657 -29884 
3827 6064 
-22705 -292 
26987 11464 
12615 19828 
-25885 -13088 
575 -10484 
-31909 22520 
-1481 -1116 
723 11792 
-1745 6972 
-1717 -20696 
-8409 -27180 
18115 15168 
-29665 -13460 
-13509 12888 
-8169 7172 
26291 -2960 
-17649 -6244 
-1749 -7800 
-761 -29132 
25251 22944 
-31233 28620 
-31973 -17224 
13815 -5020 
14995 27344 
-4881 25596 
26891 -15384 
-29977 13972 
-4477 10240 
-4129 -15316 
-21765 -2280 
-1065 27844 
32371 -28368 
-28977 -28580 
18667 22088 
-30521 -28940 
-5533 -22944 
-13889 -14196 
17115 -7816 
12727 -25308 
12883 26512 
-24401 27836 
-26421 -26456 
-2393 -26796 
22083 -11072 
5023 31980 
19131 31704 
-10345 32132 
22067 -4624 
8847 -1764 
22699 -29944 
-11129 20404 
12835 -19680 
-12929 -7860 
-15717 -14792 
-4745 3556 
-5613 9296 
5231 13692 
-30581 11624 
8807 -18412 
32259 16768 
-2209 -2644 
-21893 -16232 
29527 20036 
-4621 2736 
30287 8668 
10347 32712 
-8121 -12172 
14819 32736 
-28353 -17908 
603 27384 
26935 16036 
25043 -24304 
18479 -16836 
14411 -32216 
3623 -26412 
26051 28224 
-25825 11884 
-13765 -15016 
-12521 -8444 
17843 -6288 
-30193 2716 
-18389 13448 
-21497 4404 
419 3232 
5375 21196 
539 -12360 
-23305 12132 
-26221 -8752 
15343 1788 
-22517 -26904 
-17945 14740 
3459 23296 
-289 10028 
-22021 -30184 
-5417 12228 
23923 -31696 
24015 -19620 
2027 -22200 
14279 4596 
-30365 22880 
22719 -21620 
-15909 -2952 
-24393 -8156 
-28333 -9584 
-4177 4028 
-10293 27560 
9639 -26028 
30019 1984 
8863 -8212 
18875 3800 
-14697 16516 
13619 -7952 
-3697 7196 
6059 -8696 
-31865 -11596 
-11997 26144 
23679 -15284 
16795 -9928 
23671 20708 
18707 -26800 
25455 -10116 
-14453 104 
20839 -17644 
-25341 29824 
1631 22700 
-22149 21400 
25175 4420 
-13069 -592 
17743 17628 
-6293 -11576 
-28857 21364 
-10013 13024 
8255 -25332 
-32421 32248 
-10185 -32348 
-16173 5136 
-26833 24892 
30539 21800 
15655 -25644 
-31549 -24256 
-21985 -28308 
-14021 22616 
-16873 -24060 
9395 -9616 
22799 11676 
30507 -30840 
23303 -27596 
-24413 -16480 
-23553 13772 
-32485 -7496 
5111 29284 
-1901 20688 
-29969 -22020 
-6389 27112 
-5913 15508 
11395 -29184 
3551 -30164 
-22277 7448 
-9769 -3388 
15475 30512 
11471 -10660 
-14613 -952 
-6457 -27404 
10339 3168 
-6209 -29044 
16603 1912 
4023 8996 
-4013 19856 
16047 -19780 
5835 16040 
21671 -25260 
-27581 15040 
12703 17132 
18619 -24104 
-19049 900 
5171 -11280 
-16241 16156 
-10581 12552 
12935 21940 
28707 6432 
-5249 -22708 
-16229 -5064 
-13449 -27676 
-22509 2640 
-19857 31612 
1675 -11416 
-32665 -16876 
-17405 -22656 
5471 -17492 
-22405 -6504 
20823 -11196 
-21517 -3920 
5199 26588 
-22933 9672 
15943 -10636 
30691 -6688 
-20673 -32756 
91 -28424 
18231 -15196 
8147 -30960 
-6609 1084 
-18869 10280 
27687 -24876 
-23613 -11200 
-18145 -2964 
-14277 -5288 
-21225 25860 
947 -12944 
10255 20636 
13867 -9592 
2567 5940 
16291 29344 
13055 6348 
27 -2632 
-32009 -19100 
22419 -15408 
-9745 19708 
9739 15592 
6119 16276 
19331 -16128 
7391 -4820 
-22533 -20456 
-14121 -19004 
7027 27184 
-1073 -1700 
-31253 20296 
-27193 6132 
-14493 -16544 
30399 29068 
-16421 6776 
32439 26148 
20307 -16240 
-29265 21948 
21963 4520 
-31833 -24492 
-19645 28096 
16543 -23060 
18363 13528 
-23401 -14716 
-3277 -14608 
-28785 25116 
-27221 -31736 
-7801 -10060 
3875 -13280 
31359 -30132 
16283 -200 
14967 -10524 
1811 32080 
367 7804 
17803 -22936 
-20633 -16108 
-9469 -9600 
9311 7852 
-22661 31128 
16471 -26812 
-29965 -7248 
-7345 -29988 
25963 30920 
-4793 22900 
5859 -26400 
15935 25356 
32603 -23560 
-18889 1956 
32467 -1520 
13615 -22724 
-2741 -1240 
-25817 -24108 
-15677 1856 
-14305 22380 
-14533 32344 
-25577 10244 
-7501 -16272 
-2289 29596 
-2773 11656 
-18169 -26060 
-8541 9632 
-15873 -1076 
32539 2232 
-3593 -1948 
-18797 14032 
10479 -4100 
25867 4072 
18151 17044 
27267 -3072 
11231 20524 
-22789 17176 
-18473 30916 
-1421 23856 
-13617 7260 
17643 -23992 
17607 -25868 
26211 29280 
1471 21644 
16091 11640 
-4681 -22236 
-20909 13200 
-9041 -1860 
-27445 -7000 
-19801 -23724 
-11709 -24384 
20383 2284 
18107 -14376 
-27753 -30332 
-11725 -17936 
24207 -31460 
21675 -10488 
-28537 23476 
-20957 32544 
2431 27980 
-16741 4664 
-22153 6628 
26131 -4016 
20591 -16004 
-31605 31080 
-8601 -15340 
-1533 3456 
13151 -32340 
-22917 3224 
12119 23108 
27123 -10576 
-19889 -21028 
9323 -13368 
-25529 -9100 
-18973 19424 
-12993 17932 
-421 -18696 
9527 19108 
-8749 27920 
-31697 19004 
13387 -12760 
-13785 -23340 
-7741 14912 
-10465 -17812 
-14789 4440 
-29929 -5372 
-15949 -19600 
-14833 -26980 
-19413 -32632 
26631 7476 
32163 -10080 
20735 -8500 
-485 7096 
24823 15204 
5523 -22064 
30703 -27908 
-23541 -7448 
30183 17812 
-30333 9984 
15071 -19668 
-23045 -10728 
-22825 15300 
-9869 20528 
-26161 16220 
1003 -2744 
-3129 7668 
1379 9568 
-27457 14220 
-16933 16504 
23735 -5084 
3411 -22896 
11183 -25668 
-11317 -18520 
-7769 -22956 
-3773 -11328 
24223 27628 
17851 23256 
-32105 19588 
-20173 -21264 
11663 -22500 
5035 10760 
16263 -8524 
19747 12832 
-26497 20556 
15771 9528 
6263 23780 
-15085 25424 
-24721 25724 
-15477 19560 
3431 -14572 
6403 16512 
16991 -6996 
-23173 -24680 
7767 7492 
18675 -13904 
-32433 -12068 
-7317 7880 
19271 24436 
21731 -288 
23615 10508 
32091 -13832 
-27593 -29276 
15571 -8176 
-11473 -4804 
29515 -24280 
-1753 -22572 
195 27968 
-6625 7532 
-15045 -23464 
31255 -20988 
-24397 -22928 
-27377 -18020 
29483 -11384 
5895 -24524 
7331 -29792 
-8193 -15924 
32027 11960 
-12297 32356 
29843 7376 
-14609 13820 
-7413 -18968 
-23321 18580 
-22397 23040 
18911 5676 
-23301 26904 
-27177 -316 
-18317 17200 
26831 25180 
-15637 18504 
-23865 -24332 
-23453 -10144 
9151 6796 
15579 21368 
-13385 12068 
27731 6544 
31407 16060 
4811 -30040 
4263 -22188 
4163 1728 
28063 -12564 
17595 -4648 
29079 3972 
-28621 -24592 
-881 -13540 
-11605 32008 
-4473 25012 
-5085 -6880 
10111 13132 
-17253 14392 
-30857 -24604 
9235 -10672 
-4497 1916 
651 8040 
15463 -13804 
14339 29568 
20831 18348 
-23429 12952 
3415 -8124 
10227 -17232 
20559 -3108 
-23957 29128 
-1465 -7564 
-3101 -20000 
-5313 3084 
-933 -8968 
823 -12124 
-25645 21264 
8751 -28612 
-19893 29736 
10279 -21804 
8131 -24512 
-2785 -32660 
-15301 14168 
26903 28932 
32691 -26256 
25615 -9060 
12843 9864 
-14841 9012 
-17501 16032 
28415 -23348 
-997 16824 
16119 -16028 
-11373 -28720 
5615 -9988 
8715 -30488 
-11289 19348 
-14461 -29440 
22751 31020 
-23557 -1000 
-31529 -15932 
-26765 13872 
14287 -31396 
-32277 -25784 
20935 9204 
17251 -29856 
-19777 -628 
-17445 26232 
15031 29220 
-13485 -29552 
-13905 -7748 
20939 23976 
16295 -21420 
12099 14784 
31903 12780 
17339 -32552 
24727 -11644 
28467 -27920 
-13425 -4580 
-28245 -12280 
-25209 -6988 
-29917 -26592 
-18817 5708 
15259 19256 
-2441 -7452 
-31981 18768 
15727 -21892 
16779 -3480 
27495 -13036 
22275 -22912 
24671 -21844 
-23685 -14952 
-937 -23740 
1779 -20560 
8015 5852 
24939 -15160 
-22201 25972 
-27933 25824 
31295 -4340 
31579 -4104 
29239 5028 
-1325 -14832 
28975 13116 
-3765 18216 
22311 -21036 
16067 -11456 
1055 -7316 
-15557 -13736 
22551 13316 
24243 -29584 
13071 -100 
-3797 31112 
29959 -22988 
23203 -3680 
-513 -30772 
31515 21688 
-21001 1124 
12947 720 
25839 31740 
24843 23528 
743 20116 
-6525 -16384 
