5877 7306 
12205 -19742 
-22683 -17350 
24093 -26478 
13269 -22550 
2189 19010 
-17339 -8294 
12029 -14350 
16565 25418 
-11923 4514 
-16091 13050 
-4131 10066 
15765 20138 
-30131 2306 
-18939 -18854 
-24387 -18766 
10869 27146 
13101 12386 
-25883 27066 
16797 30226 
1877 -19094 
-13299 -30782 
28613 19738 
-11651 25970 
-11211 12490 
21741 3874 
13477 24698 
21341 -31534 
-28395 -9174 
-12851 -14718 
-5755 -23590 
-15299 -11214 
15861 -18550 
13997 -21022 
-29083 5946 
9501 21394 
-9515 -15638 
-28787 -15038 
9029 -17766 
30205 754 
26549 -438 
-10131 3234 
-22491 -29190 
-18723 -7598 
-7019 27050 
4429 -31742 
7429 -28326 
-6211 -3662 
20853 1290 
14893 11106 
-32283 -15174 
2205 12562 
-20907 -12182 
21261 706 
-10555 10266 
6525 -24462 
-1227 -13366 
23533 2594 
7077 -17542 
6749 16338 
14357 -2262 
21709 16770 
20613 32474 
2877 3890 
25845 21130 
15789 -22302 
30053 29242 
-5091 3730 
-32299 -8726 
5773 16450 
-30139 -27238 
-17155 15858 
-29003 -26294 
-8339 1954 
-28891 -5894 
32221 -25262 
-29803 -31574 
-26547 -254 
-31739 27738 
11965 11442 
30837 -24566 
16685 9826 
26853 8122 
-12387 -5102 
21845 -5270 
-9715 32194 
15813 794 
24701 -9358 
8757 26314 
25325 1314 
677 5754 
-7843 -1326 
-8427 4650 
-9267 -17278 
-18555 23002 
21053 18994 
-29707 -4726 
17581 -23582 
23653 -12998 
-19683 -13934 
10453 -1814 
-25203 -17598 
-3771 28826 
1021 30962 
-19019 13386 
-6547 674 
30245 17402 
17629 22610 
12949 -24662 
8013 31234 
-5371 18266 
30141 26546 
-24715 15114 
18477 8546 
20453 31418 
-26979 -22766 
-939 1642 
24845 -1854 
-23355 -8678 
-22659 5746 
18741 458 
27117 34 
-5723 29050 
-22435 -18990 
-31211 11562 
25293 14210 
7813 13530 
-26307 -31438 
-19723 -30582 
19373 -24862 
17253 10298 
31261 -31598 
-12331 5098 
9357 13890 
22597 19354 
19197 -19470 
-9035 -12470 
-4755 -606 
23845 -24838 
3037 4946 
-9835 -17750 
-22963 -2814 
20997 8794 
-17219 -23886 
-14731 -10742 
20269 7266 
14053 -10822 
23965 25106 
-23723 8554 
-6131 29634 
3013 -18150 
-4483 20850 
28725 -25398 
28909 -1246 
-12123 -13190 
28509 28882 
11541 18474 
-5683 -19838 
-31355 4058 
-8131 -16334 
-9739 9098 
21165 -26142 
10853 -31942 
16669 16274 
30421 12010 
-21619 -20158 
-16571 9882 
-28163 -4366 
949 27210 
-2963 -1886 
17445 -1542 
-11555 -12718 
-32619 -10838 
11597 28674 
-18171 -678 
957 -8782 
-4747 28938 
22061 5986 
7653 12474 
9373 7442 
19029 15466 
28429 -4414 
29381 -27622 
13693 -29582 
-26827 14282 
30701 -2526 
-18523 10106 
13917 11218 
-11243 25386 
28877 11650 
-4987 -5414 
10045 -1230 
245 -16758 
22957 -27422 
4453 -8646 
2077 -1390 
7637 18922 
12941 11330 
9797 410 
-9987 10738 
10933 1354 
-1171 -3166 
11045 21754 
-26147 -30382 
10133 -3926 
-19379 -5374 
8197 -10150 
19133 6322 
5237 3082 
23853 4706 
1253 -29766 
-5219 -10222 
-3755 22378 
-2547 27074 
-9787 28442 
31869 -14478 
-16843 -11574 
32493 -3806 
-24923 -32134 
-675 -6446 
31509 32298 
-2099 -22398 
21381 -14886 
28221 13874 
10229 22922 
24749 -28702 
-1947 14650 
-12515 -19054 
-15147 25834 
-18035 -22718 
-29371 -9062 
8189 25842 
20917 -24502 
621 -4446 
4645 -20486 
24797 17490 
-12651 2986 
15181 26114 
-30971 -19622 
-28227 21426 
15221 -22774 
25645 3426 
-5147 -6470 
-19811 -27886 
-26539 29290 
32013 -6974 
16581 18970 
-15491 626 
-6859 28106 
-31251 -5086 
-31323 -8838 
-15267 -24110 
8725 -26326 
32461 9090 
-17787 -24358 
-19139 28978 
