-20423 5758 
-22561 7212 
5877 7306 
-7429 -12520 
11633 30550 
-19497 -15164 
12205 -19742 
-18829 26928 
6569 6958 
18127 -6052 
-22683 -17350 
-32533 11848 
21729 25094 
16583 -6412 
24093 -26478 
8803 32352 
-16615 -21538 
-32321 8332 
13269 -22550 
31451 -18056 
14417 22710 
-5705 -2780 
2189 19010 
27219 16272 
-24439 -14194 
22703 -15172 
-17339 -8294 
-12085 28840 
-10303 23398 
-20825 -4268 
12029 -14350 
-29117 -21312 
-16903 28990 
-13409 -11028 
16565 25418 
-32069 21464 
13105 27158 
-28777 -10876 
-11923 4514 
-29133 -14864 
5993 -23058 
-9585 20764 
-16091 13050 
-28501 25352 
19105 -31546 
-29561 -22604 
-4131 10066 
27171 -29920 
-21287 26270 
-31361 14668 
15765 20138 
-1381 -25032 
7697 -21642 
-23177 26084 
-30131 2306 
8723 -944 
32329 -19634 
-13201 -29316 
-18939 -18854 
-16245 1384 
-21119 -8666 
-9625 4116 
-24387 -18766 
-18941 6528 
-29767 -29698 
-20641 19884 
10869 27146 
-7557 -26472 
-1807 7382 
11095 -22972 
13101 12386 
9715 -7504 
-10967 -3922 
11855 31196 
-25883 27066 
24683 22472 
97 26502 
-26553 10356 
16797 30226 
29155 22496 
23193 -7842 
18751 4620 
1877 -19094 
14939 17144 
-15407 -16842 
8503 -26972 
-13299 -30782 
-26157 30992 
7177 24078 
47 5692 
28613 19738 
28747 23080 
17217 8422 
-14809 -3884 
-11651 25970 
-25149 17984 
6521 26302 
21279 -31124 
-11211 12490 
571 -25256 
32433 -28778 
-30953 14084 
21741 3874 
32179 -16528 
21225 -1170 
16911 25244 
13477 24698 
-4053 3208 
30241 2630 
25607 26932 
21341 -31534 
14755 -7008 
-14247 7198 
-13057 -21812 
-28395 -9174 
14875 -22600 
10641 -28426 
23799 -30876 
-12851 -14718 
-11885 -18992 
31177 -14130 
-3089 24316 
-5755 -23590 
-8181 28392 
-26367 9126 
29159 -28268 
-15299 -11214 
17795 13056 
26425 382 
-18721 32556 
15861 -18550 
-7685 25112 
-15247 -15786 
-23849 -30780 
13997 -21022 
-27277 23600 
-28503 -14802 
5583 2908 
-29083 5946 
16363 -32440 
-21535 27910 
-4153 27124 
9501 21394 
-16029 12640 
-2535 5854 
4287 908 
-9515 -15638 
-1573 -13192 
20305 9142 
22711 14372 
-28787 -15038 
-13997 -19824 
-26743 -3186 
-22609 26556 
9029 -17766 
4043 17320 
-20799 -6554 
-8793 -3500 
30205 754 
-21181 -8256 
29945 23614 
-9569 14316 
26549 -438 
-32325 -6440 
-13775 -19178 
32407 -26492 
-10131 3234 
27955 -18192 
-29079 20718 
-22129 29724 
-22491 -29190 
20395 -18936 
-24159 -28730 
15239 10932 
-18723 -7598 
2339 15904 
-7207 -11874 
5247 7244 
-7019 27050 
31131 -20168 
13585 30326 
5239 -22300 
4429 -31742 
-32493 28496 
30025 -8626 
7023 12412 
7429 -28326 
-117 -10136 
-31615 26918 
2407 4884 
-6211 -3662 
-11005 19584 
17081 30462 
-16801 -20308 
20853 1290 
-7813 11160 
-28687 26582 
6743 26948 
14893 11106 
1267 -10832 
19497 -25682 
-689 -25380 
-32283 -15174 
8043 -21816 
22369 29318 
18247 -21644 
2205 12562 
4323 2784 
-28263 19550 
-10177 -2804 
-20907 -12182 
-18085 22008 
-9519 -30410 
-28617 -9820 
21261 706 
-1837 -5104 
4873 -30450 
20271 -18116 
-10555 10266 
-20661 11560 
6721 -21530 
-2777 -3116 
6525 -24462 
-17213 31040 
-12167 20926 
25119 -5780 
-1227 -13366 
315 12376 
5553 -9578 
30231 -1532 
23533 2594 
23731 -19856 
-13847 -22930 
4367 -31332 
7077 -17542 
-20693 24456 
-13023 5446 
4871 -5068 
6749 16338 
-10077 -26720 
-167 -30946 
23551 -29236 
14357 -2262 
-18149 -17736 
16529 23542 
-13321 -13724 
21709 16770 
12435 10448 
28873 -3122 
17135 508 
20613 32474 
7947 16872 
28673 -20826 
-24345 -27500 
2877 3890 
25731 26112 
7737 -4994 
-14881 -7636 
25845 21130 
-7941 -2792 
23409 3414 
-28201 19140 
15789 -22302 
29811 20272 
1961 28974 
-6961 11868 
30053 29242 
-277 -11192 
737 30726 
-24889 -4876 
-5091 3730 
24675 -7072 
11545 -32290 
-24641 -6516 
-32299 -8726 
30939 -8328 
26193 -4426 
-14409 31524 
5773 16450 
10323 9616 
-29047 7822 
-2385 2748 
-30139 -27238 
20171 5800 
-31295 29030 
3239 -2732 
-17155 15858 
-13245 4800 
11257 18238 
-5729 -25876 
-29003 -26294 
-32581 31192 
24881 22 
28055 23428 
-8339 1954 
19507 -21520 
1385 -1042 
30863 -26852 
-28891 -5894 
3755 2312 
-1887 -25914 
-5497 -21068 
32221 -25262 
-22493 -3808 
6873 15518 
-23681 -180 
-29803 -31574 
-1893 -15304 
19473 16758 
-31881 -5148 
-26547 -254 
-8173 -7600 
27721 2382 
27247 -11396 
-31739 27738 
16011 -21656 
23425 -3034 
14439 5652 
11965 11442 
-3069 32640 
-1607 25086 
-12961 5036 
30837 -24566 
-8069 -16744 
9969 -19754 
2391 11332 
16685 9826 
-7181 -14160 
-15575 18094 
-13233 -16420 
26853 8122 
-8597 -568 
-20895 32134 
-2489 11892 
-12387 -5102 
-20509 -16928 
-14183 -18594 
26431 -10228 
21845 -5270 
14427 26872 
-3631 21558 
-201 7332 
-9715 32194 
22483 24336 
2569 -19442 
-25041 23612 
15813 794 
-4533 40 
-3775 14054 
9255 -2348 
24701 -9358 
-9277 -21440 
-30855 15550 
28959 19564 
8757 26314 
59 -15528 
-21327 9622 
25879 -17148 
25325 1314 
15283 -23184 
16617 20846 
-8177 -22372 
677 5754 
28203 -19832 
9249 8262 
-15865 28468 
-7843 -1326 
30627 19104 
13913 -3554 
-5377 28876 
-8427 4650 
14363 -12872 
22417 9974 
15095 3428 
-9267 -17278 
-28781 -25648 
26569 7886 
-28177 -23300 
-18555 23002 
24075 5352 
18177 14758 
-12313 -26732 
21053 18994 
-31869 -26368 
-10951 -10370 
-11041 17708 
-29707 -4726 
-8197 -30696 
-3471 22614 
-32553 3524 
17581 -23582 
21363 16944 
32425 7214 
-19505 20828 
23653 -12998 
-16917 10056 
23009 -31994 
19911 28660 
-19683 -13934 
-157 -26784 
25625 -4898 
11967 -13940 
10453 -1814 
-2085 -3464 
32081 -17994 
14007 -16860 
-25203 -17598 
-30893 -26480 
-31351 18830 
17839 -21060 
-3771 28826 
-29237 -5720 
23745 -922 
15271 -1964 
1021 30962 
-5309 17856 
-7431 12862 
-1889 -532 
-19019 13386 
32699 3288 
-1999 19222 
23703 7812 
-6547 674 
11059 -24848 
31849 -22802 
18319 -17892 
30245 17402 
-12885 23560 
20385 -23098 
-26233 12468 
17629 22610 
18211 -23520 
20953 -22626 
12927 -7604 
12949 -24662 
30619 -10440 
25361 3190 
-3465 12004 
8013 31234 
16147 21840 
25417 13390 
-18065 30332 
-5371 18266 
32139 32360 
12929 32550 
26471 6420 
30141 26546 
4867 -19840 
-20295 19710 
-9121 30380 
-24715 15114 
-8325 20888 
-16911 -554 
-1961 -4284 
18477 8546 
-15629 -17488 
14889 -3666 
-25777 -7460 
20453 31418 
-25237 20680 
1377 -30586 
-23225 -20108 
-26979 -22766 
20195 28896 
-103 8798 
-2497 -17652 
-939 1642 
-18597 31736 
2257 7990 
28215 24484 
24845 -1854 
-18733 -11760 
265 -8434 
-4817 -196 
-23355 -8678 
11595 -11480 
-14271 -15898 
21287 -1580 
-22659 5746 
-1341 -8384 
15993 10174 
-32737 -20628 
18741 458 
-197 22104 
17329 28822 
21527 -32764 
27117 34 
6835 -26512 
-18455 -914 
-20721 -13412 
-5723 29050 
11563 1416 
31521 11078 
28935 -3532 
-22435 -18990 
5795 -608 
27993 23838 
31231 21452 
-31211 11562 
-18661 -8008 
28305 -3594 
-22025 20580 
25293 14210 
-4461 3792 
24265 18894 
-7953 18428 
7813 13530 
-25333 -6168 
7681 -15194 
-281 -25964 
-26307 -31438 
-23933 -13312 
-29639 -15746 
-7201 -22484 
-19723 -30582 
-8453 6936 
-30351 -23722 
28631 -12092 
19373 -24862 
12915 13616 
-2647 -14546 
-32049 29788 
17253 10298 
31979 31304 
-20255 -29178 
-825 -3340 
31261 -31598 
-24989 19040 
-25831 22494 
-16961 -21364 
-12331 5098 
30427 1400 
-27567 -31562 
-23113 292 
9357 13890 
-6573 2960 
31881 29838 
-27473 20668 
22597 19354 
-13109 -17240 
13249 -30874 
27303 -1196 
19197 -19470 
2627 30912 
-26119 7486 
1951 24812 
-9035 -12470 
32443 -24616 
-28879 -27114 
19351 -7804 
-4755 -606 
2611 -28176 
-3223 20974 
5775 -8932 
23845 -24838 
-29525 -20728 
-22879 -20282 
18567 -19532 
3037 4946 
-6621 22304 
-30503 4766 
-16001 -15028 
-9835 -17750 
-2405 -5576 
31249 -10378 
24951 29156 
-22963 -2814 
-25069 -14256 
23113 24398 
2159 6524 
20997 8794 
-17269 20840 
2433 2598 
-27033 7188 
-17219 -23886 
12803 -6784 
26553 14334 
-5281 -9812 
-14731 -10742 
-8581 -7016 
21745 18646 
-6313 -19900 
20269 7266 
-24077 -20816 
-20183 -25426 
27215 1500 
14053 -10822 
23659 -23608 
23649 -27770 
21575 13428 
23965 25106 
-4637 9184 
13977 -29346 
-31425 -25076 
-23723 8554 
13915 -28936 
8145 -5578 
-8905 -23900 
-6131 29634 
5587 17680 
-2039 2574 
15407 -24004 
3013 -18150 
27723 -23000 
-24767 19686 
-32217 -812 
-4483 20850 
6595 4672 
-2695 4798 
-28897 4716 
28725 -25398 
-453 -5800 
-9551 -17514 
17175 17156 
28909 -1246 
-1613 -29840 
12009 -22674 
32271 -4452 
-12123 -13190 
-5077 22664 
-11743 13894 
8199 30004 
28509 28882 
-19037 -20320 
-23463 -14306 
2303 14028 
11541 18474 
13851 -3144 
-31343 -17162 
6391 -27804 
-5683 -19838 
19859 -32304 
21961 29902 
12271 -5380 
-31355 4058 
-9205 -17688 
-2815 20390 
11751 -25196 
-8131 -16334 
-15997 -256 
17209 -21122 
-3361 2860 
-9739 9098 
-8709 -20968 
8305 -4522 
24279 -27708 
21165 -26142 
4467 10288 
27817 29230 
20943 -26788 
10853 -31942 
15339 -12984 
2017 -26362 
-21561 30196 
16669 16274 
15715 -672 
-11751 -15650 
19647 -28788 
30421 12010 
-2597 6264 
-21679 20406 
5303 17444 
-21619 -20158 
17747 32400 
29577 -24690 
-7249 -3140 
-16571 9882 
3019 -28760 
2753 4710 
-26201 -428 
-28163 -4366 
10563 -21568 
20729 2110 
5791 -15380 
949 27210 
32187 13016 
9777 -7914 
14999 -23420 
-2963 -1886 
-5837 -31504 
27241 -786 
-6769 28 
17445 -1542 
19371 520 
-607 -17466 
-2169 14004 
-11555 -12718 
-31453 2592 
-16423 32158 
20607 -22452 
-32619 -10838 
30107 -712 
-28399 -23946 
-12169 -19228 
11597 28674 
-749 15184 
20809 -30130 
22383 -17284 
-18171 -678 
-1141 9320 
-8063 -27354 
-15001 7956 
957 -8782 
20739 6272 
7865 8958 
-1441 15532 
-4747 28938 
-8837 30616 
-5135 -27690 
-10665 30020 
22061 5986 
-32525 -24144 
10281 18350 
14671 10460 
7653 12474 
7019 -2360 
-19615 -24954 
839 -18572 
9373 7442 
-29469 -10528 
28057 -1954 
5183 -32500 
19029 15466 
-19109 -24072 
14033 -19146 
19511 -6748 
28429 -4414 
29907 -18416 
-4343 13582 
-29905 17724 
29381 -27622 
-21685 31016 
30273 -10266 
-20185 -44 
13693 -29582 
14531 17728 
-21383 -578 
-25057 30060 
-26827 14282 
-709 31832 
29105 1686 
12823 1540 
30701 -2526 
-10061 32368 
-23063 21102 
19727 4508 
-18523 10106 
-21717 -21624 
10529 16710 
-12537 -1996 
13917 11218 
21667 25504 
-9383 13086 
-26625 6604 
-11243 25386 
-19173 1720 
-25455 -30730 
-30729 -10652 
28877 11650 
-21357 -2864 
19657 -24626 
32495 -29188 
-4987 -5414 
6923 -29208 
-13311 -9562 
23783 -24428 
10045 -1230 
-8061 12800 
-1479 -26498 
479 28204 
245 -16758 
-8965 16664 
-18575 14678 
19927 22212 
22957 -27422 
-3981 6960 
-7255 7470 
8399 -17828 
4453 -8646 
-1301 8264 
24289 -23546 
23239 -1804 
2077 -1390 
-9117 -20384 
2329 11742 
-9281 29324 
7637 18922 
29915 11128 
-15791 6838 
-31817 -30940 
12941 11330 
-23469 -3696 
27273 -13682 
12975 -26948 
9797 410 
19147 25256 
-7743 -25242 
-14169 340 
-9987 10738 
18499 -8512 
2041 -3266 
9631 9964 
10933 1354 
31931 -14888 
-17103 11286 
10647 26500 
-1171 -3166 
-14285 30704 
-7831 -22546 
-19313 8988 
11045 21754 
2731 21768 
21665 -14650 
-22905 -17996 
-26147 -30382 
9251 -17120 
-2343 -5986 
-8321 -29876 
10133 -3926 
-2917 4152 
-22511 28022 
16247 -2076 
-19379 -5374 
23571 -20912 
18505 -19122 
-22929 24444 
8197 -10150 
14987 -2200 
-18559 8230 
-2969 8724 
19133 6322 
28675 19328 
-10823 3582 
2399 -24660 
5237 3082 
-9093 2712 
-32015 -8490 
-15017 14404 
23853 4706 
24563 -27472 
-24791 -3410 
2127 19420 
1253 -29766 
-9621 18888 
2657 -22138 
-19897 14964 
-5219 -10222 
11235 -30240 
-23399 25438 
-23745 25612 
-3755 22378 
13403 -19208 
19921 -32714 
-17609 10404 
-2547 27074 
-11309 11024 
-6647 24590 
-9681 -6084 
-9787 28442 
-5557 19496 
19777 25318 
-8153 724 
31869 -14478 
22467 30784 
25465 -5954 
-21217 -10132 
-16843 -11574 
-965 3928 
2225 20886 
8471 -14076 
32493 -3806 
-18509 29040 
7401 -658 
7183 13468 
-24923 -32134 
27179 -376 
-32735 19526 
32263 31540 
-675 -6446 
-3165 5792 
4697 -25058 
9983 -820 
31509 32298 
13339 6584 
-19567 21238 
-2313 6500 
-2099 -22398 
2963 26576 
17353 -13618 
-12817 12540 
21381 -14886 
23051 24808 
-23807 26022 
-29721 -23660 
28221 13874 
-125 25856 
-20167 -31874 
4319 -11988 
10229 22922 
-9221 -11240 
20081 -31658 
15575 6596 
24749 -28702 
-12429 3632 
23209 -14290 
-4145 -8868 
-1947 14650 
-17941 29512 
-18975 -20730 
2503 31732 
-12515 -19054 
31587 25440 
16409 -26402 
27327 21900 
-15147 25834 
-3109 15992 
-9903 -6730 
-3401 -13788 
-18035 -22718 
851 25744 
24969 -2674 
-32337 14780 
-29371 -9062 
-30261 13736 
-18239 10342 
-2137 1108 
8189 25842 
26435 4544 
-16647 -8642 
13471 -30228 
20917 -24502 
31675 22744 
21553 30486 
6295 10884 
621 -4446 
-22733 27376 
22633 21230 
-31857 17948 
4645 -20486 
-13909 -22520 
-21599 -11834 
21895 15540 
24797 17490 
-15581 28704 
11737 21406 
28287 28236 
-12651 2986 
29595 9016 
-16623 14454 
-20873 15076 
15181 26114 
-17645 8528 
16201 -8114 
-2705 636 
-30971 -19622 
31115 -13720 
-29055 -21722 
9063 9492 
-28227 21426 
-28925 32384 
-29511 -1794 
6239 684 
15221 -22774 
-9349 -25192 
6641 10710 
-19369 -1212 
25645 3426 
16115 -30800 
5673 -25170 
-10417 28380 
-5147 -6470 
-26261 -25400 
24929 -19322 
24903 -17036 
-19811 -27886 
-13597 15584 
-9319 -12706 
12863 18188 
-26539 29290 
-19621 -14344 
25809 19254 
10807 27556 
32013 -6974 
13011 -25072 
-8951 -29938 
10543 -29892 
16581 18970 
10571 7976 
9281 -4634 
3879 1492 
-15491 626 
30403 -21696 
6777 -11330 
-17377 15212 
-6859 28106 
-1221 -23976 
-24655 -25450 
4119 -29692 
-31251 -5086 
-26957 25712 
-27671 -22418 
-5361 22428 
-31323 -8838 
10539 20872 
-10463 22342 
11527 -460 
-15267 -24110 
-27997 -13920 
18777 2334 
-18945 -8244 
8725 -26326 
-19685 11448 
-13679 7670 
26103 23652 
32461 9090 
27283 -9520 
15049 -2610 
7407 -11268 
-17787 -24358 
-26357 13288 
31233 -3930 
-17689 -22892 
-19139 28978 
7811 -26624 
