-346 -20249 
25748 -25795 
24370 29827 
13824 -20935 
15486 -10785 
-19924 -2827 
-23926 -3845 
-15080 -5263 
23894 -24105 
6852 -12883 
-1822 -31629 
7984 -26711 
-16082 -2865 
-420 1381 
-15814 3819 
-23480 -27935 
-14330 -20793 
-17164 31773 
24210 28771 
-19360 -17127 
-11810 -20545 
-18804 4565 
11754 -30501 
-20616 -2479 
16054 -10313 
19236 -22899 
-28606 14419 
-2672 7817 
28302 1711 
-9540 6725 
-6758 24267 
-6488 5569 
-16026 7335 
-15020 19709 
-29198 -9149 
-7488 -17415 
-26818 -1633 
27372 7861 
-5814 -28485 
18904 -3791 
20502 32151 
11140 28525 
22434 23603 
31728 -27287 
19438 -30577 
26396 7973 
14586 7851 
-9976 -30559 
-5434 -1401 
32180 3549 
-4782 -18397 
-16096 -21799 
-29538 -19585 
-12468 7061 
-11094 2203 
-27592 -9199 
-28298 -27785 
-17436 10317 
20226 -4077 
-19888 -951 
22862 31343 
-23684 5125 
-17318 20107 
31592 -5247 
17446 18535 
-6636 -16707 
31922 1027 
20352 -30279 
-19970 -8865 
-7252 2165 
-4086 -3973 
-29032 -18703 
726 6487 
-956 -11987 
30306 -3085 
-26448 21289 
-26962 -9137 
-28708 -1819 
28602 -4501 
-12856 15969 
-12922 1607 
-396 24477 
15378 -16413 
-29216 22681 
1886 30527 
-22516 -6827 
15210 18523 
14584 -32303 
-23498 3895 
-4956 27149 
-12862 26579 
12048 -26103 
1038 -20945 
11324 -12859 
21274 -437 
-12248 -32447 
-31002 13351 
-14636 -3971 
11122 -5181 
31808 6009 
-29506 -32481 
7276 -19915 
-18742 4155 
-27816 15537 
30102 29975 
-29436 -3347 
21794 19379 
30064 -12055 
-24210 -4081 
30876 -27995 
26234 32299 
-32120 -19423 
28742 -11769 
16180 29021 
19154 -30813 
6816 -14759 
16926 -1281 
16588 28437 
25130 18459 
-25160 -6255 
30454 19191 
-8860 27597 
3202 -24685 
27600 -2103 
28366 -24081 
29948 18309 
-22054 28171 
-6936 -10495 
