-346 -20249 
25748 -25795 
24370 29827 
13824 -20935 
15486 -10785 
-19924 -2827 
-23926 -3845 
-15080 -5263 
23894 -24105 
6852 -12883 
-1822 -31629 
7984 -26711 
-16082 -2865 
-420 1381 
-15814 3819 
-23480 -27935 
-14330 -20793 
-17164 31773 
24210 28771 
-19360 -17127 
-11810 -20545 
-18804 4565 
11754 -30501 
-20616 -2479 
16054 -10313 
19236 -22899 
-28606 14419 
-2672 7817 
28302 1711 
-9540 6725 
-6758 24267 
-6488 5569 
-16026 7335 
-15020 19709 
-29198 -9149 
-7488 -17415 
-26818 -1633 
27372 7861 
-5814 -28485 
18904 -3791 
20502 32151 
11140 28525 
22434 23603 
31728 -27287 
19438 -30577 
26396 7973 
14586 7851 
-9976 -30559 
-5434 -1401 
32180 3549 
-4782 -18397 
-16096 -21799 
-29538 -19585 
-12468 7061 
-11094 2203 
-27592 -9199 
-28298 -27785 
-17436 10317 
20226 -4077 
-19888 -951 
22862 31343 
-23684 5125 
-17318 20107 
31592 -5247 
17446 18535 
-6636 -16707 
31922 1027 
20352 -30279 
-19970 -8865 
-7252 2165 
-4086 -3973 
-29032 -18703 
726 6487 
-956 -11987 
30306 -3085 
-26448 21289 
-26962 -9137 
-28708 -1819 
28602 -4501 
-12856 15969 
-12922 1607 
-396 24477 
15378 -16413 
-29216 22681 
1886 30527 
-22516 -6827 
15210 18523 
14584 -32303 
-23498 3895 
-4956 27149 
-12862 26579 
12048 -26103 
1038 -20945 
11324 -12859 
21274 -437 
-12248 -32447 
-31002 13351 
-14636 -3971 
11122 -5181 
31808 6009 
-29506 -32481 
7276 -19915 
-18742 4155 
-27816 15537 
30102 29975 
-29436 -3347 
21794 19379 
30064 -12055 
-24210 -4081 
30876 -27995 
26234 32299 
-32120 -19423 
28742 -11769 
16180 29021 
19154 -30813 
6816 -14759 
16926 -1281 
16588 28437 
25130 18459 
-25160 -6255 
30454 19191 
-8860 27597 
3202 -24685 
27600 -2103 
28366 -24081 
29948 18309 
-22054 28171 
-6936 -10495 
-30298 -8217 
26516 -7619 
-26062 -27773 
26880 25913 
10110 -6945 
5420 7157 
15754 -4101 
22552 -32143 
-22442 -28457 
-8764 -11091 
-3102 25459 
4656 3753 
27694 -15409 
8540 -5019 
7482 -12821 
-2232 -5663 
-11514 24007 
16372 17181 
6546 3939 
26464 -3047 
15582 16063 
-26228 -18219 
18666 2011 
-15752 3409 
2486 18103 
-29148 11661 
2882 -26797 
26768 5513 
-26226 21935 
32188 -32443 
-16230 -25141 
-18008 -4927 
19558 19367 
-14252 -27651 
-14094 -1213 
5568 29433 
-32194 2207 
-12820 17845 
-31670 -28741 
-9000 -30671 
-25834 27799 
-4476 30317 
21154 15155 
28400 3177 
-2322 22415 
-30180 1573 
-27654 -8789 
11272 -8287 
-2618 -22137 
180 -11043 
-22446 22307 
29728 -7719 
-2146 17023 
-19892 -15723 
-4182 -30821 
-22728 -3311 
23670 631 
-284 -20659 
-13822 20243 
9552 -3255 
-31666 -13969 
18044 31493 
-26790 -29301 
20072 -15743 
-12506 30567 
-5868 1469 
-18510 8963 
-32128 16569 
-25346 -5025 
18092 12149 
-29942 -4229 
8600 19953 
19926 2135 
-16572 -10195 
29026 -11533 
-29776 -13783 
16814 -21681 
-19748 -8219 
-13638 -21141 
8392 -27295 
-10106 -19129 
-32396 9885 
-2286 24291 
16608 -28775 
29278 1599 
-29940 -29611 
22122 -14501 
19448 -26415 
28470 32311 
12196 -3827 
18626 -14637 
-24048 -28407 
12046 -721 
-12484 13509 
11802 15691 
-23768 22593 
4582 25383 
-13868 14205 
26226 2755 
-20672 -12679 
30654 -28641 
32620 -9931 
20938 3899 
9816 -11343 
-16234 25623 
20484 -1555 
20514 10931 
26736 18409 
19566 -16625 
-25700 31141 
-16006 15659 
-10872 2849 
31558 -32505 
-15820 14429 
1490 9891 
-12896 -679 
-21218 -30209 
9164 5653 
32042 -14565 
-20296 -367 
16886 -17929 
8292 -3379 
-30846 -365 
-8496 -4407 
-26162 -3857 
6140 -20859 
-31526 -21237 
-18456 -20991 
5286 3815 
27284 10557 
-10958 -19837 
-25600 7225 
4734 -3105 
30764 17141 
-10102 -4357 
-5352 6513 
-3242 32727 
-24380 -9299 
-4382 17011 
1328 -31319 
5934 -27953 
17500 -11419 
30778 -29461 
19016 16609 
-8698 3271 
-15628 2589 
-11118 -20893 
6752 11033 
-22562 -12865 
31884 24533 
25578 -31013 
-10888 9297 
-11082 -19017 
-11996 -19315 
-31166 -2477 
-9328 3209 
-15218 -23377 
8380 -6075 
-25702 -9013 
-29528 -15423 
-10394 31399 
-13484 -9475 
1010 6723 
18624 10745 
27966 6047 
12524 27829 
8010 -28997 
28632 7985 
-6634 23447 
-20092 32109 
19874 6707 
25072 -31895 
-24082 9871 
-21220 -4827 
-4358 -25429 
32520 13985 
198 22663 
-31820 -25635 
25426 -2525 
10016 6361 
25246 -11905 
-27316 27029 
2730 1691 
-17864 2577 
10102 29047 
16868 13901 
17666 -20973 
-26544 -5559 
-20658 6255 
-5764 -7675 
29274 -13173 
8552 -26239 
23078 -22937 
-5100 19645 
-3406 16899 
-19072 -2119 
-30722 -1185 
-22100 22133 
9738 -4485 
-19304 -6927 
-26410 -2217 
-32188 -8403 
27746 -19981 
32432 16681 
-4946 31311 
-10788 -14619 
9658 27755 
29640 -5023 
-7290 25671 
1140 -4707 
-19950 -541 
-3104 -14695 
-8866 -27329 
28172 13141 
29034 18011 
24312 -20527 
14902 -4809 
29348 30733 
-15422 9683 
5392 -30711 
23054 19503 
29244 -25659 
2330 31819 
30248 12097 
-25370 -28121 
-13100 32381 
-24206 10691 
-7616 -31367 
25278 -24801 
-7572 53 
-4918 3643 
-18088 27313 
2966 21271 
4868 237 
19234 2483 
23408 -16663 
-2194 -29169 
-16740 24741 
7290 -981 
10376 25121 
-31162 12295 
17716 -163 
-16174 -14941 
-32608 13401 
6174 6399 
1740 -17131 
-26582 17947 
-15432 5521 
3318 10487 
25444 31181 
642 23955 
20944 -6711 
-15154 16367 
-17668 5509 
24538 -5109 
-29976 -31487 
-24666 15847 
28052 28733 
4146 -11901 
-12544 -11463 
-642 735 
-9428 27125 
29578 -4613 
32280 -20367 
15958 28375 
25540 -7507 
-5662 8563 
-2000 -855 
-15826 25039 
26460 -17819 
-11462 19435 
-25272 -26655 
-5882 -17465 
17908 -12003 
-28782 19811 
-12960 25113 
4830 23743 
24460 1749 
32490 1499 
-6024 15185 
-24650 9399 
5156 15245 
322 21843 
20112 905 
-4210 -3153 
-15428 20293 
30362 7115 
24488 -25919 
25190 -22105 
-12716 8701 
16114 14659 
31680 -7943 
22590 9887 
-27668 -27723 
-17846 -29253 
728 -18895 
12566 19095 
29828 -31635 
18594 -1741 
21744 -1431 
19694 -2673 
-12260 -11227 
18938 23467 
-11768 -29279 
3014 1927 
1716 25309 
7762 -27357 
-9696 20441 
-12898 24703 
30796 4245 
9642 -31333 
-13000 8465 
-3466 -8073 
-31516 -17075 
-16382 3347 
2896 -7863 
-9650 26479 
-29572 18693 
19802 2955 
-2968 28801 
-6874 -10905 
-4332 -27715 
11698 24835 
-6016 -20807 
29438 2655 
3244 32117 
-16118 -4741 
18328 31729 
-7210 -6569 
17732 -6611 
26466 -28429 
29104 -18391 
-26706 18767 
-1828 -21019 
-32582 11115 
-14648 17249 
-4474 4935 
-30860 -19299 
27922 -25373 
-22816 -615 
18526 9279 
20748 -9643 
-29590 -15013 
29176 -14639 
1334 23607 
-19036 -243 
16066 -31533 
-30704 32521 
-31474 -25809 
5436 709 
-7142 -17589 
18728 1601 
10214 -16089 
-12332 -14979 
-9102 18627 
5440 15481 
19902 -20961 
17772 10037 
-30774 3387 
19544 433 
22166 16919 
-10748 2029 
17954 -5965 
20080 13801 
-23954 23823 
-7780 18341 
30586 -17621 
31624 -18143 
-28346 -8441 
-14284 -14755 
31698 25763 
13216 27481 
-31970 -22529 
-5684 25621 
-19670 -15077 
-10568 11409 
-10250 -26633 
-22940 205 
32130 -17261 
-15152 -9015 
-4146 -28945 
24060 31877 
15066 11019 
24040 23553 
10918 27879 
28820 -18627 
19250 -3965 
512 -30151 
-6018 4575 
15916 -28427 
3722 -4869 
4376 18289 
-30378 24023 
9924 -5715 
-6942 115 
-5328 29609 
27950 12495 
-30116 -24219 
11834 2795 
-4024 -4383 
-3066 27335 
-14092 -26595 
19090 -5021 
-32672 -26343 
32222 -5185 
17036 -21035 
-26134 -31525 
-1160 21073 
27318 -27721 
22308 -15731 
31810 -19373 
-15984 -1399 
6798 17071 
26300 -18875 
20890 23243 
12968 29121 
-4762 -10073 
-11948 26877 
31218 22595 
-20800 -26631 
17214 13727 
-2324 -17739 
21834 -29509 
-27176 19761 
31766 14743 
14212 -29843 
17314 -10189 
18416 29033 
-2066 -15217 
-3300 -17627 
-23302 6827 
9480 -7007 
5830 -18809 
-30284 10717 
-9902 13347 
-29408 -31015 
14494 -4225 
23372 -18539 
16554 1179 
-8136 14353 
-17034 20343 
-14364 17485 
15106 27667 
32336 -10167 
1358 -18833 
12156 -20475 
10330 19083 
-14488 18305 
28710 1127 
-3564 -9539 
26802 -32765 
7040 26041 
24062 6495 
28588 -23435 
23562 -4997 
-9576 4849 
11990 -10921 
2116 -4819 
25186 28659 
25776 12073 
17070 6223 
7132 -27419 
-9286 -5525 
6600 -26015 
-1658 -15801 
2676 31645 
10258 15331 
23008 13465 
-19618 -19649 
13324 -32427 
-22678 17499 
-31496 -8751 
-12234 -13513 
-1884 -31219 
-17982 -7213 
-1264 30217 
-20466 -5585 
-18372 27077 
-16614 -1461 
7208 -8895 
-19738 -4057 
-11564 3197 
6002 26563 
18496 -3207 
14526 -17121 
-22420 20021 
8906 3131 
-8360 -26447 
-24170 12567 
-26364 3821 
16674 -14413 
16752 -21271 
19822 11279 
1180 11941 
-11654 31275 
-12664 4129 
-25530 -29177 
19252 -29347 
14034 931 
-6496 -23975 
-4578 14079 
-13108 2837 
-12758 17435 
-5704 17297 
-23818 1783 
-5788 -30771 
-1918 7059 
14288 -11319 
6862 -8721 
252 -7291 
5594 27147 
12520 13057 
-19034 -25625 
29588 -451 
-31182 3971 
13568 16697 
-11394 8415 
-24276 -18443 
-22134 -5125 
-23528 -8591 
-11178 19671 
-5692 -3923 
-8222 -8333 
-8656 -5463 
6190 -49 
-21156 -30619 
-30406 -13845 
17224 17889 
-250 6599 
19444 24349 
1426 -29853 
13152 -12263 
-5922 31423 
9612 21717 
-19222 987 
3704 26961 
13750 695 
-26076 18829 
-2238 4947 
13456 -3703 
17806 -28241 
2492 7493 
11418 -26165 
1448 18625 
30822 1959 
-11180 -20483 
-19214 30531 
-7744 20217 
11838 17567 
23020 -7755 
-4022 -29765 
10456 -7119 
-14570 10391 
-1404 -28051 
16034 -18637 
15088 -6039 
-23826 -27761 
5660 -24027 
-6 -9813 
30728 15265 
8646 25991 
3252 -3875 
-27566 -11485 
16416 -16935 
-23650 32383 
15948 24213 
23466 -31845 
-3272 20241 
-30602 -16777 
2788 -13491 
-18942 -13549 
-3760 -12471 
12366 1391 
-11652 5893 
858 -30325 
-26008 7809 
-1242 13159 
-2796 8637 
-23630 -24829 
20096 7353 
18686 10335 
-11604 -13451 
-2294 -5253 
28056 -22031 
31190 -15273 
-13500 -3027 
23906 20211 
22448 -22999 
-4690 -6321 
16092 31717 
14010 -22165 
27848 -3743 
1158 28999 
-29324 17053 
-7406 -9501 
3296 27545 
7774 16959 
5900 10325 
-15766 -15525 
-26632 -2863 
-25802 14903 
15268 3341 
13506 17107 
28176 27913 
-9458 14639 
23356 -12091 
-26086 14667 
-4312 -19391 
15846 7975 
-10796 21373 
21106 -31037 
31552 -21895 
9150 -13281 
2924 30005 
-16950 2875 
29272 12209 
-4970 8215 
23556 5613 
15394 -22861 
13424 9193 
-1938 -1265 
10140 5541 
11642 14635 
8584 26401 
-22714 15623 
-12748 21597 
-3630 -23901 
-26208 -9895 
22814 -14849 
-20532 -19947 
-5846 -15589 
-840 23185 
28150 30199 
11364 3789 
29570 31379 
-21808 -13623 
17870 11503 
-23556 19077 
-3878 -22261 
1000 2561 
16550 -13593 
30356 17725 
-16078 11907 
26624 -1991 
-16770 12255 
1068 -8459 
17546 -5381 
14104 30065 
8022 15319 
-21308 -2131 
-9502 -16781 
-11984 25001 
-15570 -12593 
-12196 28517 
-7110 -30485 
-27064 -25375 
2566 -14137 
-12556 9757 
-16238 10851 
-6560 1817 
21470 2495 
2188 -1067 
-12310 -32037 
8568 -32687 
182 29111 
-8924 -12147 
29250 29267 
-22640 -6007 
28814 -8017 
-21316 -31675 
1946 -10037 
-10072 8129 
870 13991 
-10412 -2307 
-4110 -27069 
5312 1529 
6462 21407 
-17172 2229 
-29878 -30021 
-17448 31537 
4630 6039 
-17020 -26259 
14754 -27085 
11760 24425 
19950 25231 
14620 -30427 
23290 -26453 
-13560 -27999 
11462 5255 
-28748 -18467 
20306 29219 
-3296 -2855 
3742 3455 
8524 1429 
30378 667 
1592 26129 
21366 11639 
19940 21069 
12546 10771 
25680 -14775 
23374 21615 
30076 32261 
-8614 -14197 
28008 -2687 
-31194 25191 
-2028 26813 
-8526 -16893 
-32384 -11335 
13310 14175 
13740 -3467 
-28150 -5509 
152 16625 
-15146 -19625 
-29116 -1235 
22626 11763 
19120 7465 
-26450 -18865 
25052 25317 
-28230 26731 
-16440 18529 
3974 8263 
4212 2461 
-25070 31203 
-16416 -23911 
-30370 -11969 
-1524 -12459 
-8854 16987 
-21768 3025 
26166 -22217 
32420 -27635 
-20542 -24109 
-7920 25609 
1550 -30673 
-452 14277 
29978 30795 
-15832 -29887 
-14106 20007 
-10028 -25987 
-29326 -23101 
-20928 24953 
3774 -9441 
28268 -25547 
22730 2619 
1368 -14671 
14230 3863 
7940 7405 
14114 -31309 
10096 -25879 
-23698 -13809 
19100 -859 
-30598 -2005 
29832 -16863 
-19898 -5113 
20788 7005 
-21294 16803 
19616 4185 
-15330 21759 
-27956 22805 
1066 16923 
4024 29073 
14582 -6921 
28516 -27187 
-4478 -9837 
7632 -15927 
28878 31727 
18172 -20091 
-13350 -6133 
-10520 -7935 
-13402 -1561 
31124 -29635 
-974 19843 
-25856 -20679 
-22146 16095 
26412 1525 
-8310 -5637 
-13800 3185 
27222 10967 
28612 -339 
-10782 -25229 
-15312 -10071 
28206 -25137 
-3236 22117 
16186 18411 
-5816 -3103 
5382 30663 
20980 -4835 
31634 -13981 
-26272 15897 
-16674 -26433 
-5236 -23851 
-5398 475 
13432 -26799 
-13386 -8009 
8228 22413 
-4798 -11949 
6800 -8311 
-25714 12207 
20412 -5307 
-7526 6091 
-21592 -2367 
-29082 26023 
-9644 15869 
10994 -19133 
18368 -17159 
1086 25247 
8172 12213 
9802 -30277 
20184 4657 
23830 1687 
-32636 -24467 
13474 30003 
8432 -10647 
-1810 12687 
23580 28709 
-18950 22443 
7688 -5727 
14278 -15481 
4788 32477 
2642 4387 
-23008 11225 
31134 -25473 
1100 -21355 
-28246 -32357 
6456 32017 
7798 -25481 
-28444 -9907 
-21502 -30445 
-10416 -17079 
-31154 -23697 
6268 -6907 
-18086 1931 
16488 -13183 
4390 -28313 
-1260 -20547 
6578 -8957 
-19328 -30023 
7934 18015 
-26452 6517 
11530 -5765 
-27752 -10255 
4054 -23977 
20804 557 
21346 3315 
15792 -27607 
17326 -31409 
-31524 18917 
-4934 10091 
4808 -24735 
6790 -12473 
-27788 -12131 
22802 6371 
29408 -9831 
-2978 24639 
-8948 30293 
-1942 -16037 
-16904 8913 
12598 6199 
-15964 6925 
10946 211 
21520 23305 
12558 -10449 
-24260 -24891 
20506 -18613 
-27352 25153 
21478 32039 
-9260 -7811 
-14222 -15165 
-7872 6265 
-1602 -5601 
-11924 -15563 
-3126 2363 
-26536 23985 
-32106 -489 
-7676 9197 
12834 25779 
6768 4585 
20078 -26353 
28060 -7259 
-7302 -18645 
-14456 5409 
-17082 -25849 
-11212 -7587 
26578 -8029 
-96 18265 
12062 -7169 
30156 21 
7978 -16101 
8888 -30575 
1014 21495 
-19868 7373 
27010 14483 
-28464 -18231 
-25650 -13585 
-5636 6277 
-22822 9995 
-22040 -18431 
22182 10471 
31892 -11459 
14130 27779 
-12800 26169 
-27522 19935 
-13780 11509 
31370 -5893 
23832 -23695 
-19114 6615 
12996 1453 
-12062 31859 
-18640 20393 
6446 27855 
5724 15717 
-26054 1771 
15432 19169 
8198 9927 
-11020 -19427 
13970 26723 
19552 29977 
10718 10175 
-12660 18901 
1514 -32549 
18296 -20911 
-26954 20407 
25380 -8563 
26690 12371 
-29296 -10615 
-14706 32431 
-3396 21061 
-16998 22219 
32424 -12863 
6502 -27481 
-8876 -31491 
26098 -11197 
31424 29689 
-4290 29087 
-32020 22197 
-16054 -30533 
-7720 -22223 
-22506 -2665 
17284 -22675 
12194 21555 
5104 19817 
-23570 143 
32540 22309 
4346 5803 
28936 16545 
17094 29319 
-27212 17885 
-15022 -20445 
22816 25305 
-7010 11135 
-6324 21397 
-21334 155 
11320 -27631 
-5770 2935 
-11292 24653 
9986 -6125 
19024 -19383 
-20146 -3473 
-17540 19461 
-27558 18059 
4968 -23679 
-25562 -16281 
-492 -2371 
21682 -1021 
-6272 16825 
2558 21855 
-1108 16501 
-14326 -6021 
9880 28401 
23254 -28329 
5188 2349 
20066 -5133 
12464 2857 
-4434 21583 
-22564 12517 
18362 -6549 
26056 -2463 
9606 32327 
5748 -26723 
5138 -18461 
9696 4249 
24414 -4289 
-16372 7509 
4970 16475 
-12040 14801 
-970 -30921 
1188 -24051 
-23102 24531 
-14576 21001 
23566 9775 
17468 1477 
11034 -2485 
26664 14657 
-8474 -21465 
-8492 10365 
882 -7229 
5184 -12423 
-6978 -1761 
13420 -5579 
-28982 2107 
11096 -2895 
-12906 -4841 
-23292 10989 
11554 17331 
3440 -30487 
-1682 26639 
-28516 -13659 
15994 30251 
6792 27681 
-14266 18951 
22324 -22179 
8914 32675 
-19808 32345 
-26082 29439 
22732 -22763 
14890 16411 
13752 -24687 
-12554 -15625 
-2716 -23603 
-7038 -26733 
976 -20535 
-14642 6639 
-29444 32645 
-32294 26123 
31976 -28927 
-7770 22503 
32660 6717 
29234 -29821 
256 7481 
32638 23775 
11564 21493 
5514 -6149 
-4072 14961 
86 2263 
-2620 3245 
-13342 23411 
-21968 -14679 
-15314 15311 
14684 9317 
-2758 -14869 
-28856 -24095 
11014 -10809 
22516 31517 
-3694 1891 
-160 -21479 
-27426 -18753 
-20084 -3883 
8426 -37 
23160 -15023 
25014 -16713 
-23004 25997 
-7358 -28845 
144 -12919 
-3698 -12881 
-27204 -18107 
-26470 -27189 
20904 -23359 
-23450 -15449 
-8108 -13315 
-24334 -3261 
-21056 11001 
-9666 -32609 
-6676 32181 
23626 -30789 
29912 16433 
-3306 -7017 
1668 -20883 
10914 13107 
1776 -15255 
20206 -12401 
-24036 15909 
27642 -10837 
-15352 -26719 
19910 8583 
6324 3293 
-32686 20259 
3104 -26151 
20382 -17793 
-13748 -1387 
-14422 32667 
16184 -21743 
-19338 31351 
5860 -6323 
-24062 18195 
-17072 -21687 
-9138 16751 
24188 -19707 
28506 -31349 
-6552 31361 
10022 -4249 
276 15805 
-28750 6915 
6784 -1863 
-2818 25695 
24236 26485 
25354 -6277 
-18024 1521 
-23082 -32681 
-10428 4141 
18786 -13581 
9136 -32215 
-26194 9039 
-13604 6117 
-23878 -23189 
-18232 19809 
12422 11591 
-26252 24221 
-12526 22243 
-10016 18329 
-13730 32319 
-23796 -15275 
11882 -16549 
-7176 20689 
-14538 -2505 
18340 10509 
8386 -16685 
14864 18697 
-30962 29999 
-6340 27845 
1562 13643 
15144 4161 
27110 -9433 
-7724 28541 
15986 707 
18240 -31111 
-12354 2079 
-26772 4405 
10698 1851 
-16808 -29775 
6294 -9193 
26628 12781 
10274 8883 
112 -23 
-23442 14095 
-19556 -20059 
-26246 13611 
28040 -15583 
-11450 -1785 
-9676 28765 
-8750 7843 
26016 -19111 
1310 511 
15308 19989 
21802 -16613 
18616 -18799 
-26122 12791 
14436 10957 
24450 -2413 
30416 -22839 
-3634 26863 
12284 -6523 
23770 -23285 
20456 26113 
27814 -31001 
-32108 24893 
-21198 -21885 
13312 -11207 
27262 27615 
-28628 31477 
-20342 -6405 
-31976 -11919 
19286 -2089 
-18236 5037 
-14622 14963 
-25296 15785 
28462 2767 
23644 2917 
20538 -31509 
-7608 -1823 
13830 -31545 
-9484 16925 
-21358 -22941 
-19872 -7399 
-34 17855 
-27508 -26667 
15338 32475 
28024 -9135 
11446 11703 
-5852 -4979 
24130 -4525 
29584 -15223 
7310 7343 
14524 8261 
29594 -11061 
9384 31681 
12134 -3417 
-7340 4861 
-9230 4675 
-8000 -7687 
-15042 -28769 
18668 -23371 
-2230 -31045 
2008 -10447 
15894 -11369 
-13948 -19091 
9634 4659 
-1552 15209 
-1554 -24945 
-15076 9509 
-14598 -27477 
5896 -4447 
22726 -12153 
-25676 -11299 
15186 -4573 
-16608 -12071 
-17762 18815 
-21172 -24171 
-7510 -357 
21048 -15855 
32630 -5769 
23012 28237 
7426 -23021 
12368 -23991 
1870 -28561 
380 6661 
19034 -15221 
-18072 20865 
-19930 7783 
1044 -31555 
-13646 14851 
19840 -20551 
-8194 29535 
-15956 -29067 
-502 -6533 
19608 -25359 
-3882 28503 
-26044 5933 
17506 -22029 
5808 -1751 
17582 -3505 
-4644 -283 
-582 25707 
3016 -23455 
15238 -9145 
7284 9629 
-30190 -2589 
-29728 32409 
13662 3391 
-31220 27477 
18794 15963 
-2312 26577 
-28106 25911 
-30044 -20467 
-25662 7635 
-21232 16393 
-19954 -15313 
-30148 -11323 
-7910 29771 
3624 -6335 
-2842 2599 
-6956 -18819 
31090 8643 
31296 15737 
-17730 5919 
-1428 14389 
-15158 1595 
20824 8881 
25494 -13545 
11012 14573 
8994 435 
-3216 30441 
20334 1551 
-10596 -26459 
-2950 -3029 
-16248 6689 
-8634 -22521 
23860 14173 
-26414 -16989 
6304 -5031 
28702 -28417 
7884 -2795 
28714 15899 
23480 -12911 
25846 -24329 
31588 -20019 
-9598 21907 
-5680 -25143 
7374 -18449 
-11524 19845 
14298 -7157 
8936 15617 
-2138 -18969 
-31340 -22467 
-6094 -13949 
26368 -29895 
21886 31455 
-3284 -24075 
19338 -6661 
5656 26737 
-27050 -6441 
31684 6829 
-15902 6515 
-28624 -19287 
6702 -9777 
32604 -3483 
-21702 17387 
13640 20449 
16646 13255 
24052 2333 
26514 17763 
25952 6681 
27358 -11073 
30604 16085 
22250 -549 
-32648 -3247 
-2122 -25417 
11300 29581 
-9918 19795 
-6512 -17527 
18318 27567 
-9284 -30907 
20122 5067 
-2136 21185 
-17818 8615 
-6572 23037 
5874 12611 
5056 -26375 
-20418 -24929 
-21524 -13387 
-28086 -31301 
-25896 28209 
-30442 -15721 
-29564 -17299 
8354 -3789 
-4880 -19863 
-23314 28047 
-6116 3109 
8698 21419 
27144 17825 
25542 32647 
7860 -25891 
-2478 -29405 
29216 2009 
9630 -10113 
-28596 18581 
-598 32155 
25912 -9967 
19062 22647 
-25372 -2739 
-26622 1299 
-23728 -26295 
12878 -8337 
-23428 -32507 
9562 907 
-29592 10369 
15654 19815 
1812 -13379 
1458 22787 
-32640 26297 
-13570 -32161 
9388 -19083 
-26358 -6789 
-8296 13297 
15318 24151 
23876 7725 
16226 -30477 
2480 28713 
-4178 -16049 
4316 -6683 
22714 9067 
24264 -1183 
18054 -29881 
-24716 -4963 
17682 -27421 
16096 -19047 
-24482 -25537 
26892 4693 
25706 -17061 
2552 32465 
23862 -11209 
-12892 14093 
5826 31955 
8208 14089 
-8946 4911 
11580 15045 
-17382 -19637 
-7896 -16831 
32742 14631 
-6188 -643 
-19342 16579 
-21184 -2951 
-23106 9759 
23916 24373 
24522 1339 
-7080 -17999 
-20842 -17897 
-4604 16365 
7714 -8013 
-6544 -4631 
-1426 -10993 
-1636 32677 
20346 -19669 
5000 28961 
-5818 22279 
-8140 -419 
21458 23715 
-13408 9049 
-9442 8191 
460 -25579 
-29910 -17125 
28344 -7023 
12278 4087 
-16796 14541 
21890 -19309 
23760 -27447 
18382 1775 
30204 -19323 
4826 8971 
-2584 5121 
-32090 -6937 
-30572 -4291 
9010 -6013 
-26112 16953 
16510 -30241 
22060 -14091 
-6518 -6917 
-22248 -143 
-7850 -10793 
16068 8621 
-17182 -1933 
-31952 11177 
-15058 -22321 
-23972 -9883 
1594 747 
-30648 -22815 
19462 -7481 
-7948 -12259 
8850 -7069 
6240 20761 
-10786 25535 
23180 -6699 
29162 31963 
-27784 2641 
-15690 2999 
28452 -1395 
21570 -21421 
22928 -19831 
29326 -17745 
32444 -4539 
10650 21195 
-13656 10689 
17766 20647 
-5804 -24323 
20978 20547 
18112 20473 
-25794 -21089 
3820 -3403 
11594 -31557 
11736 1329 
-11242 -20073 
20356 -15507 
7074 -12237 
-8208 10601 
20462 15503 
2844 -3291 
31994 4779 
-17144 -25439 
28358 11911 
-24140 25053 
-20142 11299 
9504 16089 
-28514 26495 
29516 -4203 
6314 -869 
30776 -4079 
5494 -14473 
-8220 31821 
4866 25619 
5712 -28599 
23886 11887 
18300 -6139 
90 17035 
24424 -127 
-14298 31847 
2580 4797 
16562 30723 
-19584 7609 
-18946 -28321 
-30804 -9099 
13322 -7045 
29336 -13583 
-31018 19799 
8260 9517 
14946 26611 
-848 -6359 
-25938 -28593 
13276 -13083 
-19526 -7573 
-20024 21089 
20870 14919 
8820 -19555 
18 13283 
-3616 -4967 
2910 11071 
19468 -18091 
32618 15451 
7416 -27183 
10294 17207 
4260 -16883 
-28222 -9261 
-27888 11785 
2062 25135 
-12228 -24123 
-26854 -3509 
-19416 -27327 
2790 26663 
-5420 17533 
-4238 24515 
-8128 -21639 
-28482 13599 
-16276 -31179 
-1334 1083 
30552 20657 
-1642 -22249 
-20220 18157 
6434 -16461 
-9872 25833 
-23186 -23537 
7324 26277 
-21894 29227 
26248 -14303 
-3002 1543 
25396 -15011 
3794 -1117 
32416 23129 
17950 -20737 
-6964 17173 
-22998 15387 
-32328 -1135 
-1290 32503 
356 -16435 
-12158 5011 
-12336 -29751 
29390 21999 
6396 7045 
-4646 25099 
-14104 -5375 
3494 5095 
-29804 13885 
24114 1923 
-13056 -1735 
11134 -26401 
-18132 -4107 
-32374 -7173 
15384 -27023 
11350 -15145 
452 10413 
-18462 -10381 
30256 -23895 
28718 30671 
-15012 -16283 
24890 -15893 
-9400 -543 
22278 -28217 
25588 -26851 
-8814 -31901 
-13472 -30695 
16606 -3393 
15756 -29483 
-29462 -1061 
-22920 8529 
-29258 31415 
-19932 -32371 
-12478 2899 
-13168 -22135 
-25202 2479 
8636 21829 
1178 -28213 
-25176 193 
-12186 32679 
-5036 -6147 
-29454 28483 
31168 1785 
-31170 -17249 
29164 6581 
-14262 -31813 
-16168 -25551 
7958 -24425 
4740 -13715 
5794 -20685 
-11536 -24471 
-1298 2959 
11804 -9691 
-10246 -11861 
4104 -3167 
31174 -8825 
9396 10461 
27730 -13533 
-10208 30169 
-1122 -2433 
22092 -26987 
13226 31643 
-29896 1809 
-8074 13943 
8932 845 
-29182 -15597 
-30384 -30903 
-30642 32111 
-5508 20229 
-9382 -32373 
12904 -10623 
21286 -21657 
3348 22973 
31666 -26877 
-6528 -11079 
-24322 -24481 
-5460 885 
-12534 -7301 
1432 25073 
-11818 15447 
-7356 11309 
13666 18163 
-4176 24105 
17838 24399 
22236 -19483 
3770 -24213 
1224 -22175 
23686 -5817 
-23180 31389 
-17646 -11549 
-23328 9113 
30302 -17857 
12044 24661 
-26006 -17573 
12280 -21295 
-3274 -19913 
21412 17677 
3266 15059 
1552 9481 
13070 -20177 
29500 2245 
29210 12619 
-30936 27713 
-27162 -26841 
-4652 -29827 
10866 32451 
4928 25209 
31678 17439 
9068 -21195 
-27190 827 
2648 -6223 
17558 -26601 
29700 19949 
5154 -24909 
-13200 -9239 
20590 29455 
16284 19877 
1402 12587 
-18040 7969 
-186 -19193 
-6604 -29603 
-13870 -25949 
12704 -28327 
-20194 15871 
-14388 -5611 
-16086 -17637 
-27464 4753 
-14858 -4617 
17508 18125 
19330 29331 
17104 -32055 
-25138 -23313 
-17412 -32123 
-14118 -24309 
-25624 -15871 
-26458 17127 
-29036 32061 
-26318 9859 
0 -20423 
5758 -22561 
7212 5877 
7306 -7429 
-12520 11633 
30550 -19497 
-15164 12205 
-19742 -18829 
26928 6569 
6958 18127 
-6052 -22683 
-17350 -32533 
11848 21729 
25094 16583 
-6412 24093 
-26478 8803 
32352 -16615 
-21538 -32321 
8332 13269 
-22550 31451 
-18056 14417 
22710 -5705 
-2780 2189 
19010 27219 
16272 -24439 
-14194 22703 
-15172 -17339 
-8294 -12085 
28840 -10303 
23398 -20825 
-4268 12029 
-14350 -29117 
-21312 -16903 
28990 -13409 
-11028 16565 
25418 -32069 
21464 13105 
27158 -28777 
-10876 -11923 
4514 -29133 
-14864 5993 
-23058 -9585 
20764 -16091 
13050 -28501 
25352 19105 
-31546 -29561 
-22604 -4131 
10066 27171 
-29920 -21287 
26270 -31361 
14668 15765 
20138 -1381 
-25032 7697 
-21642 -23177 
26084 -30131 
2306 8723 
-944 32329 
-19634 -13201 
-29316 -18939 
-18854 -16245 
1384 -21119 
-8666 -9625 
4116 -24387 
-18766 -18941 
6528 -29767 
-29698 -20641 
19884 10869 
27146 -7557 
-26472 -1807 
7382 11095 
-22972 13101 
12386 9715 
-7504 -10967 
-3922 11855 
31196 -25883 
27066 24683 
22472 97 
26502 -26553 
10356 16797 
30226 29155 
22496 23193 
-7842 18751 
4620 1877 
-19094 14939 
17144 -15407 
-16842 8503 
-26972 -13299 
-30782 -26157 
30992 7177 
24078 47 
5692 28613 
19738 28747 
23080 17217 
8422 -14809 
-3884 -11651 
25970 -25149 
17984 6521 
26302 21279 
-31124 -11211 
12490 571 
-25256 32433 
-28778 -30953 
14084 21741 
3874 32179 
-16528 21225 
-1170 16911 
25244 13477 
24698 -4053 
3208 30241 
2630 25607 
26932 21341 
-31534 14755 
-7008 -14247 
7198 -13057 
-21812 -28395 
-9174 14875 
-22600 10641 
-28426 23799 
-30876 -12851 
-14718 -11885 
-18992 31177 
-14130 -3089 
24316 -5755 
-23590 -8181 
28392 -26367 
9126 29159 
-28268 -15299 
-11214 17795 
13056 26425 
382 -18721 
32556 15861 
-18550 -7685 
25112 -15247 
-15786 -23849 
-30780 13997 
-21022 -27277 
23600 -28503 
-14802 5583 
2908 -29083 
5946 16363 
-32440 -21535 
27910 -4153 
27124 9501 
21394 -16029 
12640 -2535 
5854 4287 
908 -9515 
-15638 -1573 
-13192 20305 
9142 22711 
14372 -28787 
-15038 -13997 
-19824 -26743 
-3186 -22609 
26556 9029 
-17766 4043 
17320 -20799 
-6554 -8793 
-3500 30205 
754 -21181 
-8256 29945 
23614 -9569 
14316 26549 
-438 -32325 
-6440 -13775 
-19178 32407 
-26492 -10131 
3234 27955 
-18192 -29079 
20718 -22129 
29724 -22491 
-29190 20395 
-18936 -24159 
-28730 15239 
10932 -18723 
-7598 2339 
15904 -7207 
-11874 5247 
7244 -7019 
27050 31131 
-20168 13585 
30326 5239 
-22300 4429 
-31742 -32493 
28496 30025 
-8626 7023 
12412 7429 
-28326 -117 
-10136 -31615 
26918 2407 
4884 -6211 
-3662 -11005 
19584 17081 
30462 -16801 
-20308 20853 
1290 -7813 
11160 -28687 
26582 6743 
26948 14893 
11106 1267 
-10832 19497 
-25682 -689 
-25380 -32283 
-15174 8043 
-21816 22369 
29318 18247 
-21644 2205 
12562 4323 
2784 -28263 
19550 -10177 
-2804 -20907 
-12182 -18085 
22008 -9519 
-30410 -28617 
-9820 21261 
706 -1837 
-5104 4873 
-30450 20271 
-18116 -10555 
10266 -20661 
11560 6721 
-21530 -2777 
-3116 6525 
-24462 -17213 
31040 -12167 
20926 25119 
-5780 -1227 
-13366 315 
12376 5553 
-9578 30231 
-1532 23533 
2594 23731 
-19856 -13847 
-22930 4367 
-31332 7077 
-17542 -20693 
24456 -13023 
5446 4871 
-5068 6749 
16338 -10077 
-26720 -167 
-30946 23551 
-29236 14357 
-2262 -18149 
-17736 16529 
23542 -13321 
-13724 21709 
16770 12435 
10448 28873 
-3122 17135 
508 20613 
32474 7947 
16872 28673 
