-20423 5758 
-22561 7212 
5877 7306 
-7429 -12520 
11633 30550 
-19497 -15164 
12205 -19742 
-18829 26928 
6569 6958 
18127 -6052 
-22683 -17350 
-32533 11848 
21729 25094 
16583 -6412 
24093 -26478 
8803 32352 
-16615 -21538 
-32321 8332 
13269 -22550 
31451 -18056 
14417 22710 
-5705 -2780 
2189 19010 
27219 16272 
-24439 -14194 
22703 -15172 
-17339 -8294 
-12085 28840 
-10303 23398 
-20825 -4268 
12029 -14350 
-29117 -21312 
-16903 28990 
-13409 -11028 
16565 25418 
-32069 21464 
13105 27158 
-28777 -10876 
-11923 4514 
-29133 -14864 
5993 -23058 
-9585 20764 
-16091 13050 
-28501 25352 
19105 -31546 
-29561 -22604 
-4131 10066 
27171 -29920 
-21287 26270 
-31361 14668 
15765 20138 
-1381 -25032 
7697 -21642 
-23177 26084 
-30131 2306 
8723 -944 
32329 -19634 
-13201 -29316 
-18939 -18854 
-16245 1384 
-21119 -8666 
-9625 4116 
-24387 -18766 
-18941 6528 
-29767 -29698 
-20641 19884 
10869 27146 
-7557 -26472 
-1807 7382 
11095 -22972 
13101 12386 
9715 -7504 
-10967 -3922 
11855 31196 
-25883 27066 
24683 22472 
97 26502 
-26553 10356 
16797 30226 
29155 22496 
23193 -7842 
18751 4620 
1877 -19094 
14939 17144 
-15407 -16842 
8503 -26972 
-13299 -30782 
-26157 30992 
7177 24078 
47 5692 
28613 19738 
28747 23080 
17217 8422 
-14809 -3884 
-11651 25970 
-25149 17984 
6521 26302 
21279 -31124 
-11211 12490 
571 -25256 
32433 -28778 
-30953 14084 
21741 3874 
32179 -16528 
21225 -1170 
16911 25244 
13477 24698 
-4053 3208 
30241 2630 
25607 26932 
21341 -31534 
14755 -7008 
-14247 7198 
-13057 -21812 
-28395 -9174 
14875 -22600 
10641 -28426 
23799 -30876 
-12851 -14718 
-11885 -18992 
31177 -14130 
-3089 24316 
-5755 -23590 
-8181 28392 
-26367 9126 
29159 -28268 
-15299 -11214 
17795 13056 
26425 382 
-18721 32556 
15861 -18550 
-7685 25112 
-15247 -15786 
-23849 -30780 
13997 -21022 
-27277 23600 
-28503 -14802 
5583 2908 
-29083 5946 
16363 -32440 
-21535 27910 
-4153 27124 
9501 21394 
-16029 12640 
-2535 5854 
4287 908 
-9515 -15638 
-1573 -13192 
20305 9142 
22711 14372 
-28787 -15038 
-13997 -19824 
-26743 -3186 
-22609 26556 
9029 -17766 
4043 17320 
-20799 -6554 
-8793 -3500 
30205 754 
-21181 -8256 
29945 23614 
-9569 14316 
26549 -438 
-32325 -6440 
-13775 -19178 
32407 -26492 
-10131 3234 
27955 -18192 
-29079 20718 
-22129 29724 
-22491 -29190 
20395 -18936 
-24159 -28730 
15239 10932 
-18723 -7598 
2339 15904 
-7207 -11874 
5247 7244 
-7019 27050 
31131 -20168 
13585 30326 
5239 -22300 
4429 -31742 
-32493 28496 
30025 -8626 
7023 12412 
7429 -28326 
-117 -10136 
-31615 26918 
2407 4884 
-6211 -3662 
-11005 19584 
17081 30462 
-16801 -20308 
20853 1290 
-7813 11160 
-28687 26582 
6743 26948 
14893 11106 
1267 -10832 
19497 -25682 
-689 -25380 
-32283 -15174 
8043 -21816 
22369 29318 
18247 -21644 
2205 12562 
4323 2784 
-28263 19550 
-10177 -2804 
-20907 -12182 
-18085 22008 
-9519 -30410 
-28617 -9820 
21261 706 
-1837 -5104 
4873 -30450 
20271 -18116 
-10555 10266 
-20661 11560 
6721 -21530 
-2777 -3116 
6525 -24462 
-17213 31040 
-12167 20926 
25119 -5780 
-1227 -13366 
315 12376 
5553 -9578 
30231 -1532 
23533 2594 
23731 -19856 
-13847 -22930 
4367 -31332 
7077 -17542 
-20693 24456 
-13023 5446 
4871 -5068 
6749 16338 
-10077 -26720 
-167 -30946 
23551 -29236 
14357 -2262 
-18149 -17736 
16529 23542 
-13321 -13724 
21709 16770 
12435 10448 
28873 -3122 
17135 508 
20613 32474 
7947 16872 
28673 -20826 
-24345 -27500 
2877 3890 
25731 26112 
7737 -4994 
-14881 -7636 
25845 21130 
-7941 -2792 
23409 3414 
-28201 19140 
15789 -22302 
29811 20272 
1961 28974 
-6961 11868 
30053 29242 
-277 -11192 
737 30726 
-24889 -4876 
-5091 3730 
24675 -7072 
11545 -32290 
-24641 -6516 
-32299 -8726 
30939 -8328 
26193 -4426 
-14409 31524 
5773 16450 
10323 9616 
-29047 7822 
-2385 2748 
-30139 -27238 
20171 5800 
-31295 29030 
3239 -2732 
-17155 15858 
-13245 4800 
11257 18238 
-5729 -25876 
-29003 -26294 
-32581 31192 
24881 22 
28055 23428 
-8339 1954 
19507 -21520 
1385 -1042 
30863 -26852 
-28891 -5894 
3755 2312 
-1887 -25914 
-5497 -21068 
32221 -25262 
-22493 -3808 
6873 15518 
-23681 -180 
-29803 -31574 
-1893 -15304 
19473 16758 
-31881 -5148 
-26547 -254 
-8173 -7600 
27721 2382 
27247 -11396 
-31739 27738 
16011 -21656 
23425 -3034 
14439 5652 
11965 11442 
-3069 32640 
-1607 25086 
-12961 5036 
30837 -24566 
-8069 -16744 
9969 -19754 
2391 11332 
16685 9826 
-7181 -14160 
-15575 18094 
-13233 -16420 
26853 8122 
-8597 -568 
-20895 32134 
-2489 11892 
-12387 -5102 
-20509 -16928 
-14183 -18594 
26431 -10228 
21845 -5270 
14427 26872 
-3631 21558 
-201 7332 
-9715 32194 
22483 24336 
2569 -19442 
-25041 23612 
15813 794 
-4533 40 
-3775 14054 
9255 -2348 
24701 -9358 
-9277 -21440 
-30855 15550 
28959 19564 
8757 26314 
59 -15528 
-21327 9622 
25879 -17148 
25325 1314 
15283 -23184 
16617 20846 
-8177 -22372 
677 5754 
28203 -19832 
9249 8262 
-15865 28468 
-7843 -1326 
30627 19104 
13913 -3554 
-5377 28876 
-8427 4650 
14363 -12872 
22417 9974 
15095 3428 
-9267 -17278 
-28781 -25648 
26569 7886 
-28177 -23300 
-18555 23002 
24075 5352 
18177 14758 
-12313 -26732 
21053 18994 
-31869 -26368 
-10951 -10370 
-11041 17708 
-29707 -4726 
-8197 -30696 
-3471 22614 
-32553 3524 
17581 -23582 
21363 16944 
32425 7214 
-19505 20828 
23653 -12998 
-16917 10056 
23009 -31994 
19911 28660 
-19683 -13934 
-157 -26784 
25625 -4898 
11967 -13940 
10453 -1814 
-2085 -3464 
32081 -17994 
14007 -16860 
-25203 -17598 
-30893 -26480 
-31351 18830 
17839 -21060 
-3771 28826 
-29237 -5720 
23745 -922 
15271 -1964 
1021 30962 
-5309 17856 
-7431 12862 
-1889 -532 
-19019 13386 
32699 3288 
-1999 19222 
23703 7812 
-6547 674 
11059 -24848 
31849 -22802 
18319 -17892 
30245 17402 
-12885 23560 
20385 -23098 
-26233 12468 
17629 22610 
18211 -23520 
20953 -22626 
12927 -7604 
12949 -24662 
30619 -10440 
25361 3190 
-3465 12004 
8013 31234 
16147 21840 
25417 13390 
-18065 30332 
-5371 18266 
32139 32360 
12929 32550 
26471 6420 
30141 26546 
4867 -19840 
-20295 19710 
-9121 30380 
-24715 15114 
-8325 20888 
-16911 -554 
-1961 -4284 
18477 8546 
-15629 -17488 
14889 -3666 
-25777 -7460 
20453 31418 
-25237 20680 
1377 -30586 
-23225 -20108 
-26979 -22766 
20195 28896 
-103 8798 
-2497 -17652 
-939 1642 
-18597 31736 
2257 7990 
28215 24484 
24845 -1854 
-18733 -11760 
265 -8434 
-4817 -196 
-23355 -8678 
11595 -11480 
-14271 -15898 
21287 -1580 
-22659 5746 
-1341 -8384 
15993 10174 
-32737 -20628 
18741 458 
-197 22104 
17329 28822 
21527 -32764 
27117 34 
6835 -26512 
-18455 -914 
-20721 -13412 
-5723 29050 
11563 1416 
31521 11078 
28935 -3532 
-22435 -18990 
5795 -608 
27993 23838 
31231 21452 
-31211 11562 
-18661 -8008 
28305 -3594 
-22025 20580 
25293 14210 
-4461 3792 
24265 18894 
-7953 18428 
7813 13530 
-25333 -6168 
7681 -15194 
-281 -25964 
-26307 -31438 
-23933 -13312 
-29639 -15746 
-7201 -22484 
-19723 -30582 
-8453 6936 
-30351 -23722 
28631 -12092 
19373 -24862 
12915 13616 
-2647 -14546 
-32049 29788 
17253 10298 
31979 31304 
-20255 -29178 
-825 -3340 
31261 -31598 
-24989 19040 
-25831 22494 
-16961 -21364 
-12331 5098 
30427 1400 
-27567 -31562 
-23113 292 
9357 13890 
-6573 2960 
31881 29838 
-27473 20668 
22597 19354 
-13109 -17240 
13249 -30874 
27303 -1196 
19197 -19470 
2627 30912 
-26119 7486 
1951 24812 
-9035 -12470 
32443 -24616 
-28879 -27114 
19351 -7804 
-4755 -606 
2611 -28176 
-3223 20974 
5775 -8932 
23845 -24838 
-29525 -20728 
-22879 -20282 
18567 -19532 
3037 4946 
-6621 22304 
-30503 4766 
-16001 -15028 
-9835 -17750 
-2405 -5576 
31249 -10378 
24951 29156 
-22963 -2814 
-25069 -14256 
23113 24398 
2159 6524 
20997 8794 
-17269 20840 
2433 2598 
-27033 7188 
-17219 -23886 
12803 -6784 
26553 14334 
-5281 -9812 
-14731 -10742 
-8581 -7016 
21745 18646 
-6313 -19900 
20269 7266 
-24077 -20816 
-20183 -25426 
27215 1500 
14053 -10822 
23659 -23608 
23649 -27770 
21575 13428 
23965 25106 
-4637 9184 
13977 -29346 
-31425 -25076 
-23723 8554 
13915 -28936 
8145 -5578 
-8905 -23900 
-6131 29634 
5587 17680 
-2039 2574 
15407 -24004 
3013 -18150 
27723 -23000 
-24767 19686 
-32217 -812 
-4483 20850 
6595 4672 
-2695 4798 
-28897 4716 
28725 -25398 
-453 -5800 
-9551 -17514 
17175 17156 
28909 -1246 
-1613 -29840 
12009 -22674 
32271 -4452 
-12123 -13190 
-5077 22664 
-11743 13894 
8199 30004 
28509 28882 
-19037 -20320 
-23463 -14306 
2303 14028 
11541 18474 
13851 -3144 
-31343 -17162 
6391 -27804 
-5683 -19838 
19859 -32304 
21961 29902 
12271 -5380 
-31355 4058 
-9205 -17688 
-2815 20390 
11751 -25196 
-8131 -16334 
-15997 -256 
17209 -21122 
-3361 2860 
-9739 9098 
-8709 -20968 
8305 -4522 
24279 -27708 
21165 -26142 
4467 10288 
27817 29230 
20943 -26788 
10853 -31942 
15339 -12984 
2017 -26362 
-21561 30196 
16669 16274 
15715 -672 
-11751 -15650 
19647 -28788 
30421 12010 
-2597 6264 
-21679 20406 
5303 17444 
-21619 -20158 
17747 32400 
29577 -24690 
-7249 -3140 
-16571 9882 
3019 -28760 
2753 4710 
-26201 -428 
-28163 -4366 
10563 -21568 
20729 2110 
5791 -15380 
949 27210 
32187 13016 
9777 -7914 
14999 -23420 
-2963 -1886 
-5837 -31504 
27241 -786 
-6769 28 
17445 -1542 
19371 520 
-607 -17466 
-2169 14004 
-11555 -12718 
-31453 2592 
-16423 32158 
20607 -22452 
-32619 -10838 
30107 -712 
-28399 -23946 
-12169 -19228 
11597 28674 
-749 15184 
20809 -30130 
22383 -17284 
-18171 -678 
-1141 9320 
-8063 -27354 
-15001 7956 
957 -8782 
20739 6272 
7865 8958 
-1441 15532 
-4747 28938 
-8837 30616 
-5135 -27690 
-10665 30020 
22061 5986 
-32525 -24144 
10281 18350 
14671 10460 
7653 12474 
7019 -2360 
-19615 -24954 
839 -18572 
9373 7442 
-29469 -10528 
28057 -1954 
5183 -32500 
19029 15466 
-19109 -24072 
14033 -19146 
19511 -6748 
28429 -4414 
29907 -18416 
-4343 13582 
-29905 17724 
29381 -27622 
-21685 31016 
30273 -10266 
-20185 -44 
13693 -29582 
14531 17728 
-21383 -578 
-25057 30060 
-26827 14282 
-709 31832 
29105 1686 
12823 1540 
30701 -2526 
-10061 32368 
-23063 21102 
19727 4508 
-18523 10106 
-21717 -21624 
10529 16710 
-12537 -1996 
13917 11218 
21667 25504 
-9383 13086 
-26625 6604 
-11243 25386 
-19173 1720 
-25455 -30730 
-30729 -10652 
28877 11650 
-21357 -2864 
19657 -24626 
32495 -29188 
-4987 -5414 
6923 -29208 
-13311 -9562 
23783 -24428 
10045 -1230 
-8061 12800 
-1479 -26498 
479 28204 
245 -16758 
-8965 16664 
-18575 14678 
19927 22212 
22957 -27422 
-3981 6960 
-7255 7470 
8399 -17828 
4453 -8646 
-1301 8264 
24289 -23546 
23239 -1804 
2077 -1390 
-9117 -20384 
2329 11742 
-9281 29324 
7637 18922 
29915 11128 
-15791 6838 
-31817 -30940 
12941 11330 
-23469 -3696 
27273 -13682 
12975 -26948 
9797 410 
19147 25256 
-7743 -25242 
-14169 340 
-9987 10738 
18499 -8512 
2041 -3266 
9631 9964 
10933 1354 
31931 -14888 
-17103 11286 
10647 26500 
-1171 -3166 
-14285 30704 
-7831 -22546 
-19313 8988 
11045 21754 
2731 21768 
21665 -14650 
-22905 -17996 
-26147 -30382 
9251 -17120 
-2343 -5986 
-8321 -29876 
10133 -3926 
-2917 4152 
-22511 28022 
16247 -2076 
-19379 -5374 
23571 -20912 
18505 -19122 
-22929 24444 
8197 -10150 
14987 -2200 
-18559 8230 
-2969 8724 
19133 6322 
28675 19328 
-10823 3582 
2399 -24660 
5237 3082 
-9093 2712 
-32015 -8490 
-15017 14404 
23853 4706 
24563 -27472 
-24791 -3410 
2127 19420 
1253 -29766 
-9621 18888 
2657 -22138 
-19897 14964 
-5219 -10222 
11235 -30240 
-23399 25438 
-23745 25612 
-3755 22378 
13403 -19208 
19921 -32714 
-17609 10404 
-2547 27074 
-11309 11024 
-6647 24590 
-9681 -6084 
-9787 28442 
-5557 19496 
19777 25318 
-8153 724 
31869 -14478 
22467 30784 
25465 -5954 
-21217 -10132 
-16843 -11574 
-965 3928 
2225 20886 
8471 -14076 
32493 -3806 
-18509 29040 
7401 -658 
7183 13468 
-24923 -32134 
27179 -376 
-32735 19526 
32263 31540 
-675 -6446 
-3165 5792 
4697 -25058 
9983 -820 
31509 32298 
13339 6584 
-19567 21238 
-2313 6500 
-2099 -22398 
2963 26576 
17353 -13618 
-12817 12540 
21381 -14886 
23051 24808 
-23807 26022 
-29721 -23660 
28221 13874 
-125 25856 
-20167 -31874 
4319 -11988 
10229 22922 
-9221 -11240 
20081 -31658 
15575 6596 
24749 -28702 
-12429 3632 
23209 -14290 
-4145 -8868 
-1947 14650 
-17941 29512 
-18975 -20730 
2503 31732 
-12515 -19054 
31587 25440 
16409 -26402 
27327 21900 
-15147 25834 
-3109 15992 
-9903 -6730 
-3401 -13788 
-18035 -22718 
851 25744 
24969 -2674 
-32337 14780 
-29371 -9062 
-30261 13736 
-18239 10342 
-2137 1108 
8189 25842 
26435 4544 
-16647 -8642 
13471 -30228 
20917 -24502 
31675 22744 
21553 30486 
6295 10884 
621 -4446 
-22733 27376 
22633 21230 
-31857 17948 
4645 -20486 
-13909 -22520 
-21599 -11834 
21895 15540 
24797 17490 
-15581 28704 
11737 21406 
28287 28236 
-12651 2986 
29595 9016 
-16623 14454 
-20873 15076 
15181 26114 
-17645 8528 
16201 -8114 
-2705 636 
-30971 -19622 
31115 -13720 
-29055 -21722 
9063 9492 
-28227 21426 
-28925 32384 
-29511 -1794 
6239 684 
15221 -22774 
-9349 -25192 
6641 10710 
-19369 -1212 
25645 3426 
16115 -30800 
5673 -25170 
-10417 28380 
-5147 -6470 
-26261 -25400 
24929 -19322 
24903 -17036 
-19811 -27886 
-13597 15584 
-9319 -12706 
12863 18188 
-26539 29290 
-19621 -14344 
25809 19254 
10807 27556 
32013 -6974 
13011 -25072 
-8951 -29938 
10543 -29892 
16581 18970 
10571 7976 
9281 -4634 
3879 1492 
-15491 626 
30403 -21696 
6777 -11330 
-17377 15212 
-6859 28106 
-1221 -23976 
-24655 -25450 
4119 -29692 
-31251 -5086 
-26957 25712 
-27671 -22418 
-5361 22428 
-31323 -8838 
10539 20872 
-10463 22342 
11527 -460 
-15267 -24110 
-27997 -13920 
18777 2334 
-18945 -8244 
8725 -26326 
-19685 11448 
-13679 7670 
26103 23652 
32461 9090 
27283 -9520 
15049 -2610 
7407 -11268 
-17787 -24358 
-26357 13288 
31233 -3930 
-17689 -22892 
-19139 28978 
7811 -26624 
26681 28286 
8159 13356 
20213 -2934 
-9477 26392 
-6799 -12458 
11223 -9020 
26541 -29982 
-20877 304 
-11863 29486 
-16689 92 
-8347 -27590 
30955 -14776 
3297 -17914 
-18233 -268 
-27107 28818 
6755 5728 
30489 990 
-1601 14476 
27605 32746 
29403 20856 
-4015 -20298 
25015 3364 
16525 8770 
25171 -10352 
22665 8334 
-12113 -9028 
-3003 -18534 
-14133 2216 
-28735 -19610 
9895 1876 
26365 -24590 
-31165 17600 
30201 -14018 
17311 -4884 
30901 15178 
31419 -5160 
-5327 -15850 
1943 -4732 
2413 -5726 
-31181 24048 
-12439 -530 
21135 26908 
-1755 2810 
-30549 -1272 
673 -9018 
1159 -16460 
10205 -174 
25123 8992 
25817 -16738 
-641 20812 
30101 9898 
-3429 13880 
-10735 886 
7543 32228 
-15795 -7934 
6675 -27568 
13897 2894 
17519 -23172 
-4603 -29094 
-18293 -25240 
25985 13862 
21095 10260 
-10051 -29006 
-20989 -20096 
17337 -7170 
10079 26028 
25205 16906 
-9605 12440 
-20239 29910 
-23721 -16828 
27437 2146 
7667 31408 
-29399 18606 
-22961 -28196 
-11547 16826 
22635 -4152 
-18335 -16506 
4167 16500 
31133 19986 
27107 -4128 
4761 14686 
-16065 10764 
16213 -29334 
12891 -9480 
31697 5686 
-26313 -20828 
1037 24514 
-28205 4368 
-11255 -18930 
30767 11836 
-22587 9498 
26699 -3544 
-1215 30950 
15911 2260 
2685 15730 
-27197 -8640 
-11911 -16706 
-13537 -24980 
3125 2250 
-1477 13656 
14001 -6250 
-233 20228 
-29459 -6366 
30131 22384 
2793 21358 
-17905 31388 
27813 14458 
-6101 -23416 
11809 25158 
-9209 -32460 
-29859 23762 
12707 31904 
-32679 29726 
17663 -15668 
-14059 -19414 
12827 16312 
-7791 -5898 
-11017 -24732 
1485 -24958 
-13933 19920 
12745 8398 
27631 30460 
8581 31706 
-10229 1768 
20737 31654 
-5657 -22124 
-963 -21454 
15747 -13568 
7993 22910 
11999 -26836 
30197 -28790 
-9733 -1512 
31857 6742 
6871 -24636 
28333 -31262 
-29325 -3024 
18601 7726 
-29233 9052 
-14747 -4294 
14315 6472 
25569 -15098 
26567 -32268 
23837 11154 
-18077 -13984 
-20967 28382 
-30529 7052 
4821 -25878 
-3621 25720 
1873 31670 
-12105 20516 
-14451 -25278 
-16045 19088 
20361 19342 
8111 32700 
23365 -28006 
1995 -9304 
26305 15974 
21927 2644 
-20995 -9486 
-23229 30656 
11513 -19394 
21151 20460 
-24651 -10678 
31163 32472 
-32207 3350 
-2409 -20348 
4205 -7006 
25907 20720 
18025 -22290 
8591 -29668 
-8155 26106 
18347 19976 
22945 -6202 
-19577 17076 
-4387 -17838 
291 -10720 
-25639 10654 
-29569 13388 
7317 16810 
29083 18744 
-4847 -12682 
-29577 -16156 
18765 23554 
30995 1872 
11593 13902 
-27793 18556 
21765 26970 
-2165 28776 
15489 -16090 
-32409 11028 
8125 -13902 
-13053 -7040 
-1351 -12546 
13919 -14164 
-30347 -8950 
-9861 -15464 
18417 -16426 
-28073 -32444 
29229 866 
-781 28080 
1065 -3154 
30031 -19236 
-17947 -25414 
5995 17096 
3937 -13690 
-16569 -15500 
16541 2322 
2275 -23840 
18841 -23458 
20543 3340 
-6571 -22422 
-20133 -4616 
-27951 -7882 
2103 -3676 
-29939 -9534 
-3885 -31728 
-13559 -7922 
-14545 -11972 
3781 26 
-22709 -15064 
-11711 998 
27943 3028 
20861 30834 
-19261 4416 
-30599 -22082 
-9697 364 
13109 -23606 
-1733 -14248 
-12879 12950 
-4585 4612 
-27667 -7646 
21683 19056 
-32279 -402 
-30449 -25188 
21413 -27782 
-22741 -2168 
-31455 27974 
-29945 1076 
21085 6098 
-12125 12192 
-18599 -8418 
-11265 -23092 
28693 -12502 
-20197 21176 
-1903 -19466 
17399 -7580 
-29491 6530 
10387 -16176 
10441 19406 
-17681 6652 
-30587 22234 
5899 -9752 
10241 1702 
6375 -21356 
17213 -6350 
23683 -512 
-10695 17534 
15839 -1492 
-25355 10890 
-9989 -29416 
4977 25942 
2519 25284 
30125 -32542 
27763 -6352 
-16471 -14034 
23759 18012 
-21147 19002 
-2325 27720 
-17695 -12282 
5831 1268 
9245 -6510 
22627 31840 
-6887 -9762 
6079 -372 
-17963 -18966 
28891 30584 
7761 18102 
16311 -27868 
20109 6210 
8275 -17008 
18057 30350 
28335 8892 
-15803 28058 
18123 -20824 
15809 -13978 
-31577 3412 
-2819 5618 
-15293 -21824 
-7175 -24770 
24991 -19732 
-14667 29002 
30907 4568 
6449 22550 
-6761 29572 
5997 -8286 
17459 17392 
-17047 21486 
-3953 -20708 
-14555 -16134 
1707 -24312 
-20319 -3386 
25223 -14924 
-18979 30034 
-24541 -30432 
-11559 -27490 
7039 5964 
-15467 23722 
-3941 23608 
1041 -26250 
-1161 996 
-12211 -10494 
-10221 31312 
9289 24910 
-7569 -5252 
-17403 17498 
13963 17256 
4993 19494 
-20377 11796 
26301 1202 
-5117 6016 
-20039 -17922 
17759 11180 
-20363 30730 
-10117 22168 
-8463 2774 
-32425 17476 
31021 -414 
-9229 24752 
31529 -24914 
17487 -10276 
-24347 -2118 
-10645 -27192 
26209 -10874 
28231 18036 
1949 -15342 
-22557 21984 
-32615 3934 
-8385 -4084 
-29355 -15510 
12379 248 
-22063 -21450 
30519 13476 
4621 21954 
20435 -2288 
-15863 3086 
5679 29756 
30149 -9446 
-6581 -26584 
-22207 -28954 
-25561 3796 
-26499 -19598 
-11325 17472 
16249 -27458 
-5857 25708 
23093 16074 
-1989 23384 
25777 32150 
-8937 -11004 
-25875 -8926 
13235 15728 
-1815 -22162 
22543 -16228 
15013 -4486 
26155 19080 
-9183 30790 
14855 -30924 
6493 -11566 
28579 -7520 
-4519 18974 
25343 -30516 
5909 -5590 
12315 26040 
3985 32502 
-19721 9572 
5069 -27518 
-30829 13264 
8137 30414 
2543 -17156 
-4219 12762 
22027 -21272 
-255 -28250 
18407 -20588 
-30147 8754 
31619 12544 
-29383 12158 
19679 23852 
-15371 -14966 
-10245 8216 
-21903 -20394 
-1833 9668 
31917 31714 
19315 -9680 
13993 29742 
11215 26972 
-27547 -23238 
-18965 -16568 
4577 -9466 
-14905 -30732 
-5347 -24174 
-2205 12128 
7193 17630 
-22849 -7796 
24789 -12054 
-4133 -30088 
13649 4534 
-20809 -10716 
-10867 -27838 
32595 12432 
15753 -24178 
-16977 -14916 
10565 18586 
-31285 -32344 
5313 21606 
-19545 4180 
15357 20722 
-7357 -8768 
-25863 -30146 
28831 5612 
-4683 3146 
30651 -23336 
-20431 -23786 
-11113 13956 
7789 -9566 
9011 14064 
13417 -274 
-16497 -11748 
-20955 7162 
-14933 -3064 
1953 -570 
4487 18612 
31965 12370 
16163 15392 
2521 -98 
-21889 -1460 
27285 30634 
28571 28472 
6929 25718 
27255 18148 
22349 20994 
14099 -4784 
6985 -29618 
12655 -29060 
8965 8026 
30091 5736 
-5503 -10458 
-8345 12564 
-21059 16306 
2819 19072 
26809 -23298 
21599 -29012 
-10379 4874 
-10373 -5736 
30193 21974 
28759 1860 
-32723 -1694 
-17677 21424 
-3543 18862 
4943 -1316 
-30747 21178 
-27285 -5944 
-17055 -8058 
7495 -13964 
-12643 32530 
18147 2272 
-18535 31326 
28223 -11508 
13397 -8598 
-20645 5112 
-16175 30518 
-6601 30628 
-26355 -12094 
-20781 27152 
-18167 14094 
25903 5948 
-9019 -18918 
9547 27432 
-32703 6630 
-13529 4564 
-8323 -4494 
-3389 30528 
-2439 32702 
-2017 -14484 
-32459 -9782 
-2245 -4520 
-1103 -14186 
-13289 -26620 
-24083 -10206 
4787 12400 
28649 21614 
9999 -7268 
8613 18810 
9515 -25208 
13089 -31930 
-5881 2612 
-8099 -29230 
3747 -27232 
9561 -19170 
-3585 27596 
-16875 1322 
-20709 30904 
9873 18934 
8695 26724 
-25907 3970 
-6509 -22832 
5833 -24114 
22767 24572 
22149 3290 
-27381 32744 
-10751 7334 
30439 -19820 
-11971 23858 
-25981 25600 
17465 6782 
23519 -16340 
-5387 24714 
-10501 -19688 
16753 -1194 
-6185 -5948 
-31827 30434 
10867 -13008 
-21079 7982 
-1329 -29604 
31589 58 
29931 4680 
26849 -6650 
29895 2804 
-19939 23698 
-27037 -7584 
21273 -20514 
13759 -15220 
2005 -5142 
28379 -25224 
19537 -9034 
7607 6436 
23693 3650 
-8621 -23664 
13449 -13170 
3247 26812 
-28603 9114 
-15157 21672 
-5183 -8346 
-7513 4948 
-32003 -29710 
579 4288 
20985 30014 
32671 30956 
5301 -22710 
30395 14296 
18225 -4586 
-15465 -1660 
9581 -10846 
563 10736 
-21655 -22034 
-29041 -2788 
-27355 30458 
-31573 18184 
24225 2246 
-16249 -13388 
17373 -5294 
-8669 -4320 
16601 27294 
14719 -8884 
4501 -27990 
-4453 -32200 
12817 12150 
-9865 -30236 
-8627 -13054 
-27117 24656 
4681 -18610 
-32657 12668 
-30203 -1446 
-19317 -5784 
-15999 25126 
3687 13332 
-2883 31410 
10755 32128 
8121 -28674 
25439 -3668 
-395 -20982 
-10629 31896 
3313 -24362 
24407 -13756 
-30931 -2974 
-26125 18096 
26921 -2898 
-7601 7644 
28389 -21062 
21611 15304 
5217 -5242 
-13241 19572 
-27235 14866 
-6685 -17440 
-4455 -6818 
-705 -18932 
-9387 -1686 
11867 9976 
-10287 16950 
21815 -17756 
8205 19394 
3539 -8944 
-20471 25102 
-19409 -17860 
17349 -28390 
25675 15912 
22337 -23322 
-1497 5332 
9853 10610 
4547 -21952 
-21127 27326 
1823 10860 
-22475 29898 
-2501 -32424 
-27983 5014 
-17641 23300 
-22291 -11486 
-3661 9072 
-6423 -146 
-2545 1692 
2213 -23430 
-7125 -3960 
-30175 -29114 
-26617 -29388 
-22691 18642 
-21085 18592 
23641 8222 
-32513 20172 
25877 8234 
11803 -29768 
15761 5366 
-28425 -21660 
8653 -30078 
17811 6608 
3529 -13106 
-22545 764 
-17019 -6182 
-11253 21224 
-21247 -22618 
-23065 -19052 
6205 -26574 
-18045 -26880 
-1223 1406 
27359 9004 
4597 -1142 
-10757 17944 
-10127 18006 
-10537 -21564 
-30035 29154 
2419 -16336 
9385 -13778 
-13873 -20644 
25189 23354 
13291 25928 
-16415 -3834 
9159 -29196 
31005 6034 
13667 -27296 
-30183 6878 
-15169 -22644 
-20779 1770 
-4645 -20360 
25425 -22602 
-29513 23588 
-7283 -30398 
15699 5776 
11145 -2162 
23471 3004 
-2235 -358 
971 10152 
-15679 27238 
4519 5716 
-13827 -14606 
8515 17344 
2297 24638 
-29025 -9236 
15285 16970 
30139 -13608 
-8655 14614 
-19817 -17276 
11373 -12126 
-7885 7408 
8809 21742 
23951 6172 
31781 -11782 
17323 -26104 
-19039 5062 
28551 20148 
2781 -22958 
32035 -24032 
30681 -10850 
-14209 -16308 
-18283 -21078 
28059 -27336 
18705 -1418 
18551 -13084 
25933 18434 
-2797 -11440 
2377 -7602 
-12433 -11140 
-3835 -10918 
-3189 -17304 
-26495 -4826 
15719 14100 
15293 -19022 
18691 -20352 
-10567 31486 
29279 21676 
9589 18698 
-10885 3992 
-23567 -5162 
20055 -29372 
-29139 -4254 
30963 14768 
-8151 -24658 
-20145 16604 
21989 2234 
4971 -28984 
27489 -2426 
31559 -12428 
23709 -2798 
-31517 28384 
9625 20574 
-29633 -26356 
-32171 5226 
-21157 14840 
-4399 3382 
-15305 -604 
-22771 -14654 
27859 20496 
-22775 -29426 
815 23868 
-21819 27674 
-23733 4392 
11841 12262 
10535 6100 
28029 25714 
12483 -8896 
25721 21950 
5663 -29332 
-12491 4042 
-2757 5208 
10673 24214 
-21993 7684 
-20499 -12766 
-12109 5744 
24041 -21906 
-15089 10652 
-4187 -134 
-23765 17288 
-7903 -26298 
18183 4148 
28253 978 
19619 -1120 
-27815 -29922 
4095 12748 
3093 15146 
-21221 -24904 
21649 -8202 
-9 -4508 
-22323 1410 
-23405 -29488 
1225 -2098 
-2321 -23044 
9349 -15654 
4875 9704 
-31743 12966 
-11033 -18284 
24381 -11470 
-10109 -13824 
-19911 -3970 
31199 -31188 
14581 -26998 
-11013 -9960 
28529 -28330 
-14889 28356 
-28243 27874 
-6029 -19664 
-25687 29998 
-26417 -11684 
18789 -18886 
-3349 -18360 
5857 -1018 
-11577 4340 
16413 -11630 
-11165 18528 
-16103 -31266 
21439 -30068 
21973 8682 
27867 -15496 
31313 29366 
-1097 -24796 
27277 1090 
-25517 -30320 
8841 8846 
-21841 -20804 
24133 -9830 
17099 -1368 
-26175 -2714 
16551 6484 
4349 498 
16451 30400 
-16391 19262 
-25185 16108 
25269 -8886 
29883 24024 
30001 -31722 
-24169 32644 
13165 -13406 
-16333 4080 
-26263 -18 
11407 15132 
25381 11514 
683 -4856 
3233 7878 
7815 -11852 
-11811 24914 
7203 21792 
-20775 16542 
22399 -23732 
24469 -14166 
-4965 -22472 
24593 -14986 
-18569 4068 
-5043 -15614 
21523 18000 
73 3406 
7791 30588 
22533 -20390 
12939 -28824 
28545 30758 
27751 14868 
-32067 -3918 
26627 -7296 
-29255 26110 
-32417 -18516 
19573 -7158 
-11141 -23912 
15089 14038 
15703 20548 
-27347 -5534 
22515 11440 
22313 19118 
-32689 25564 
15589 25530 
-11669 -7736 
-15775 390 
10823 21108 
9117 -20462 
9187 8672 
23705 -17570 
6975 31756 
10581 12138 
11355 19704 
1489 -10186 
13111 16548 
11789 16834 
-13357 -15600 
-25079 -18418 
21039 60 
4549 18202 
-7605 -7128 
1345 -17690 
22567 6868 
-19331 -24718 
20419 4160 
7033 16574 
9503 -3988 
-2507 -21814 
-3013 -22696 
-16207 -22122 
-26345 -7932 
-18707 -14046 
-20557 2416 
-11031 21870 
-27633 19612 
-10587 23162 
25131 -27000 
14369 -23482 
-2553 -27852 
13661 -16686 
-5213 -20832 
-13735 -2530 
-24833 5324 
-19691 22058 
11291 -20040 
27537 -21770 
28407 12644 
12237 -32638 
915 -48 
-1079 8910 
17903 18684 
-29819 -25126 
21003 -1816 
23297 -16986 
999 -17516 
-22979 3634 
-2173 -768 
26937 -9346 
-30497 -5844 
24565 12682 
-11269 27672 
1649 -9130 
-19241 12740 
-26451 26594 
-14477 -22992 
4777 8238 
26575 -2724 
12389 4410 
-19989 2888 
28129 1798 
-32313 -27660 
1821 -29294 
29539 -1184 
-2023 -3874 
-7489 28044 
-811 15594 
-5157 -10632 
-28335 15798 
27319 -7644 
-3699 32578 
-1197 -880 
6537 19854 
-1617 20924 
-15035 -19302 
-32309 -12888 
28865 -32666 
28583 7252 
22525 15602 
24387 -22080 
30457 13886 
-21345 -24084 
-30283 30794 
29627 -3880 
3121 -12522 
-28521 17028 
14957 -14686 
-24781 752 
4201 -21778 
-1137 24092 
18981 -30726 
-15957 16392 
25505 10694 
-12921 21684 
-26403 7250 
-17629 2080 
-6695 -21602 
-6529 -31156 
1685 -7254 
27547 -17608 
30481 -28554 
9847 21220 
29517 15874 
-19693 -18096 
-2231 14414 
28015 6780 
-16635 -29862 
29067 25192 
18049 806 
-25753 15636 
-13891 11186 
-30973 5760 
17593 20734 
-28577 6828 
29557 32522 
-11397 13720 
-11791 -32298 
11351 4932 
-25555 -6814 
14067 8112 
-12759 -2642 
20303 -31012 
9189 -16710 
-28309 13512 
6497 3206 
-9913 -10892 
-5475 27410 
-15645 -11040 
-27751 9822 
-21953 24332 
-12203 19050 
-21669 24568 
7377 -23754 
-24009 -31836 
-19187 -17214 
10963 13840 
-27383 -7410 
-24273 -23748 
30917 8730 
8523 -18648 
-9151 17894 
-30937 7636 
-1155 -9614 
28355 17216 
-11655 11198 
13343 21356 
7477 17866 
-3269 14936 
22449 -2922 
-30697 -23548 
-16915 -15326 
-29005 -912 
19433 110 
25359 28572 
-16987 -19078 
8491 -5752 
-28895 -20666 
-23289 5684 
-931 31186 
-30045 24992 
345 24862 
11775 -2100 
23061 28970 
-21733 -15176 
-32111 30198 
-8713 29796 
-18739 -1150 
25235 29392 
-3383 19918 
-27409 -5124 
-3451 30938 
-28405 -13336 
12801 18598 
13031 -16748 
-4803 18738 
5763 12288 
8249 -14722 
-26657 19500 
-30987 -13174 
-11525 -232 
-25231 10070 
-23593 -2876 
-24659 25314 
-22925 -26320 
-30295 -13522 
14031 6236 
5989 27706 
28907 24136 
-15135 4614 
12487 5876 
-12771 18578 
4707 -20896 
12057 23518 
29119 20620 
-23595 22506 
27355 -5768 
-22447 2230 
-9801 9508 
30861 -1470 
23123 28560 
4233 30862 
18607 -2884 
11333 -28774 
-16181 -24408 
18369 2918 
-24921 8020 
-24835 30706 
32323 -9024 
11769 8510 
-17505 1260 
-20299 4938 
29371 -31784 
-23759 6678 
32663 1412 
16749 -15966 
32307 -2576 
-30871 21998 
-13681 -32484 
12581 -7430 
-32597 -27896 
-17759 13510 
31879 -10316 
24541 -10414 
23075 -17632 
7385 5790 
30079 26956 
-21099 -342 
-5477 -12744 
-29167 23414 
-27273 -27164 
-1459 -18174 
4627 11344 
-4535 25422 
-17297 -17028 
9733 26202 
-20341 13672 
7553 -29146 
-13721 16404 
4285 26290 
-23037 18816 
-1095 15358 
-24737 32172 
-25995 6666 
-11653 -14184 
26865 -13098 
6999 -10684 
-23763 -8094 
5619 4784 
17705 -24402 
7759 -22052 
2789 6586 
20587 -30776 
28769 6022 
-30649 22644 
-20067 9746 
25059 -30752 
-13671 -28322 
14655 16908 
30549 25962 
10843 29432 
13265 28214 
4407 -14684 
15373 14274 
-30253 -22256 
-29687 3598 
-4049 17980 
-8251 -742 
24651 -30168 
-19647 -12058 
-18905 8404 
17021 5490 
-29245 30272 
-30343 5822 
17183 -18836 
17461 -7990 
-3525 -12968 
-4431 16278 
30487 26372 
-15123 -16606 
28083 -4240 
-15639 -21650 
12815 -28004 
-23387 4218 
-8149 15496 
-6623 -17850 
21511 -26316 
-15523 13522 
10659 5280 
14425 -13282 
-17153 -9524 
277 -29654 
10779 -10312 
-26223 16630 
19703 -18588 
15821 30338 
-15981 -6704 
-5687 30926 
-7185 -28932 
22917 21466 
-12277 -24856 
2305 -11354 
25063 -15980 
13373 -31694 
13699 25344 
-10439 -20098 
-22817 -20692 
-21003 26506 
-11781 -28136 
13425 29270 
-27945 -18492 
-22867 24034 
-31373 -29648 
169 30254 
1487 15196 
-411 -14534 
12267 -20152 
7137 7430 
-8249 -26124 
-27363 914 
-20125 24928 
26137 -14626 
191 13196 
19157 29418 
-5669 -904 
-16559 -11338 
18615 26660 
-115 30018 
-18093 -7536 
1929 -23666 
-26705 -26692 
-27835 27290 
-53 29608 
7873 -27034 
-12889 8788 
-6659 -19726 
-25277 4032 
-6919 3134 
-13665 26604 
-10315 -20918 
29115 5848 
14897 25878 
28311 -14204 
18541 -17246 
23859 -5904 
-407 238 
-26225 -23524 
6181 15866 
16299 -6648 
4513 16326 
11143 23220 
9949 -28078 
-1757 28192 
21465 -32354 
1151 19532 
21653 6570 
27035 -7880 
-23279 9846 
1143 -10012 
-32435 13314 
28947 -24752 
-6839 -29106 
2927 24700 
-29435 16730 
-4213 2152 
-2943 6438 
-1689 17172 
22461 -24142 
-15101 31872 
-19783 9982 
-20897 -8020 
-16011 -19190 
-11909 23448 
-15 6102 
2647 -26300 
-21971 -9374 
-2829 1456 
-17367 19374 
-4785 -13092 
-3611 29882 
3947 -9528 
-14495 8838 
14151 -9356 
30877 -7918 
227 15072 
409 -930 
-14273 9484 
7765 -32662 
-22181 -31240 
19153 14646 
-32713 2468 
-15603 -19774 
-5933 7184 
-31991 14606 
16175 -5828 
18117 -10214 
-24757 23848 
-30143 23526 
-6873 9172 
-30339 20594 
-21309 -22208 
16505 446 
21023 6508 
27445 31690 
-3781 24664 
-31311 -30058 
26135 10756 
-13331 -17886 
19635 -7568 
14825 22126 
271 -19044 
-29787 27514 
-24789 -28792 
15649 -15034 
775 7220 
-30115 -4142 
-14173 -14432 
28505 14110 
19455 -16948 
-22507 -22742 
-22245 -5448 
-20335 3062 
-17417 -1436 
-15155 -3710 
8339 22736 
-7991 -23602 
13039 12796 
-16251 11994 
3851 29160 
-8191 24230 
-28441 -15212 
31549 -16590 
21635 -27136 
-29127 -25474 
-18977 4652 
-11019 650 
-12037 9496 
-13455 -17066 
-32297 31428 
-21075 22754 
25715 32560 
30633 8494 
-11057 24156 
-6811 8762 
-4373 1096 
29409 10246 
-28985 7412 
23581 -16750 
20579 5216 
-25319 12766 
-28737 5772 
-3627 -29206 
26843 3960 
-10671 -24906 
-18505 -21724 
-31091 -4030 
6227 21904 
-375 -12658 
-6481 15036 
-1467 17818 
16075 18088 
-2623 8550 
-857 9556 
11517 -4622 
-17341 17088 
-25607 -2242 
-9825 -13588 
-331 18762 
28859 -22056 
-11983 -20458 
23959 -29820 
20333 -18526 
15411 -9232 
30057 -21522 
26767 -14564 
-219 -26374 
-341 14600 
26785 19142 
-9593 -8780 
-4643 19794 
-26589 8480 
-29991 -4962 
-27777 12108 
-1131 13482 
-5989 -3016 
-17391 -3722 
29559 7140 
2125 -20734 
-12269 4688 
-9143 -18098 
23151 892 
-3067 7258 
11915 -9368 
-13439 -23514 
10343 17940 
-24899 -9038 
-7165 -20608 
27065 4606 
-17057 17324 
-6027 20490 
-12165 -4456 
-26895 25302 
-1705 23620 
-20179 -10654 
-11277 -1872 
13097 -2386 
-17329 -4132 
-10011 -12358 
-12693 11720 
7777 11654 
-6585 24180 
16285 -25582 
-24605 -4640 
14489 26462 
22335 2060 
-15019 -25750 
10331 -26376 
25041 1078 
-4297 19620 
18957 11714 
18387 -28912 
31241 25614 
-29137 -29636 
-21051 -19686 
-8629 12328 
24897 -6426 
5159 9940 
-12163 -29838 
-13373 -9152 
-2183 -4930 
24863 31852 
-28107 5834 
-4037 -3240 
7345 -10858 
21783 -4860 
-11539 -19166 
11187 -10896 
-20247 366 
-12273 -10084 
29349 -14726 
24107 -7544 
-27615 -12218 
-19961 -24780 
20829 -21806 
26531 31392 
-22951 -24034 
-9473 -24372 
20245 -15830 
10267 -584 
-14447 -10506 
10999 15716 
19405 27778 
32659 -13360 
-10295 -12594 
-32273 -11012 
10117 2522 
19979 17640 
-18687 -5722 
-16409 -14444 
-15811 -1486 
29571 -14080 
17721 -30850 
-15137 29996 
-1035 -25206 
-12293 -18408 
25201 2134 
28887 15812 
-19283 21474 
17267 29232 
-4439 -13266 
-23601 -32420 
-13211 32058 
-21013 22344 
-13855 13062 
15815 -24588 
8989 31122 
-4253 -14496 
-11239 -25378 
7871 -1652 
-26411 -22294 
-6181 8824 
-4783 27062 
9911 -4572 
3469 27458 
30547 -14192 
-2679 -1650 
13743 -8772 
24901 8346 
32203 6568 
-13119 -21402 
11175 10324 
29693 10482 
-9405 30144 
21241 -7618 
-5985 11756 
9653 -7094 
28603 15576 
26673 -1258 
19607 20100 
22125 -19806 
6963 -12560 
-5015 22254 
14223 -5604 
-6619 -3078 
-16981 -29688 
-16479 21958 
-30329 24756 
-19235 2130 
14115 -11232 
-15911 22430 
8831 4684 
-23915 20394 
26523 1848 
-11503 -17290 
-7561 24292 
-28851 10754 
12051 -31408 
-11447 -7090 
-22161 -22916 
23301 -2214 
28043 -20888 
-23935 12070 
22375 18708 
-6723 6066 
771 -7552 
8377 -770 
-13217 -22868 
3957 -5366 
-12421 -32360 
11761 -21034 
-6057 8004 
-18387 -11934 
-19725 -5200 
-21975 -24146 
-29873 4828 
-16411 10938 
-29333 -32568 
30049 14470 
-27321 -7820 
1693 22290 
16099 -24352 
28569 -11682 
-6593 -5364 
27733 -18838 
-22693 -21512 
30929 -12490 
24119 -28764 
-12019 -22334 
-22829 528 
28937 -28914 
-8913 12092 
5317 -29158 
7499 808 
14401 29158 
17191 10708 
6013 -14734 
-5437 3904 
-20871 -10306 
28703 -8340 
-18123 -20022 
-4293 -31144 
-19535 8342 
17431 -20476 
-9747 -20446 
2739 -14224 
10217 -21394 
-24817 -1124 
22949 8570 
7467 13704 
-5343 -9402 
24839 8756 
6237 26066 
1699 11680 
-8871 3358 
27135 -31796 
-2539 -8918 
-22757 4280 
-8559 -24074 
-26121 -32668 
-11571 -6270 
-8557 16080 
-12599 -1586 
-12049 30716 
-29051 -6950 
-29429 6120 
-29183 29862 
-4377 -13676 
2365 13618 
-28029 -1024 
-967 29310 
-11297 -10196 
8949 14474 
-12549 19224 
-1679 21334 
24535 196 
-17491 20194 
8819 25904 
26025 30510 
29391 -23460 
-19611 -10182 
27883 -21944 
8417 15878 
-4921 8948 
-5603 13458 
-29085 31328 
2841 2014 
-21057 -9076 
16341 -15382 
26331 13688 
1105 13494 
-27209 12580 
-27507 -6590 
-10669 15248 
-4983 9358 
-31569 -32580 
-14267 -1126 
-17205 -4952 
-23615 14182 
23207 11092 
-17667 25586 
-1469 -22336 
2553 -12994 
-2145 -28436 
19637 32586 
28347 -12328 
-207 17942 
15255 4484 
23917 -21086 
-1485 -15888 
25449 494 
1679 3356 
-13019 20218 
31915 -8440 
5793 24774 
14471 -7244 
31709 -15534 
-10717 -30944 
-1831 -15714 
-20097 -2740 
18837 27306 
-6501 6712 
-5615 -30858 
20855 -24092 
5709 -23294 
-29165 -1968 
-13751 3918 
-1937 18812 
-15867 -11686 
-21365 -32408 
31105 -17882 
-31129 19476 
11453 21170 
8707 5504 
-10311 -6146 
-9377 2476 
13941 -31222 
-12677 5272 
-15119 -1834 
-10409 -7612 
-16595 -13214 
-28173 -8528 
8489 19630 
23119 13788 
-22811 -31302 
19563 -11320 
-13215 17286 
17479 25716 
-12899 4626 
-8733 21472 
-22887 15710 
30015 -12788 
4949 -11926 
9819 -16648 
-28719 -26058 
-13001 -11612 
22541 9154 
1491 29968 
26633 -17906 
11311 -11716 
31685 26906 
23627 -10712 
3905 -794 
29223 11476 
24189 370 
2499 16960 
25977 -15682 
32543 17004 
-8139 19658 
-4549 6488 
19121 27542 
13079 29444 
-7955 -21726 
-5709 -17552 
-24855 22382 
28175 7836 
16549 31866 
-9173 -30584 
16929 -6586 
4103 -23244 
-8355 8402 
-23133 -8032 
5209 30750 
-1793 26316 
-25323 -2006 
9755 9144 
-2671 27894 
2295 -15516 
22989 25218 
15763 -20016 
-14903 9422 
8175 6908 
-2683 -16422 
-13301 -5400 
25857 -90 
7655 -12908 
20541 28722 
-20093 12032 
-19655 23934 
-7457 15148 
18933 -11382 
-12805 -8680 
-28559 -25002 
20183 -15420 
-15699 18914 
371 22576 
-9047 8750 
16847 -14500 
-26011 13114 
11243 -696 
30689 18694 
-25657 -23052 
-20195 -4206 
11619 11616 
16921 29406 
15551 -16500 
-6443 -8470 
-6693 18552 
6993 -74 
1207 29732 
7053 24898 
13651 -20848 
-7287 20366 
-11345 9148 
12101 -10598 
-1077 -16472 
31425 -15770 
-30297 11860 
509 -24846 
6467 -9280 
-16135 -18370 
1695 -3092 
29621 6730 
28091 25304 
-27087 -28394 
10903 -11132 
25709 -22366 
-9933 -19216 
-9623 -21266 
-10865 12316 
-19419 -22022 
15275 12808 
28065 27590 
-6265 26292 
17117 32338 
29987 14880 
12249 11678 
16511 -10164 
-3947 -31318 
26011 11576 
273 21110 
-16265 -6940 
-25267 8194 
-4845 27472 
-16055 14926 
18287 -4996 
10501 -21158 
-5237 21608 
20609 17702 
-19097 20244 
29629 -29262 
16643 18560 
-28999 -11522 
-5537 27820 
23925 8458 
-12933 -22632 
23537 17366 
-14761 -23228 
-14803 -14494 
28915 -11856 
-26583 -2130 
10575 22748 
-29211 -8006 
2923 9928 
9057 20102 
-3257 -6284 
-27491 -13038 
31971 1760 
-8807 -22434 
1087 -20212 
-17835 -5014 
-23205 -11784 
-22831 25910 
15415 5540 
-8435 -24894 
25811 -6128 
24329 -6898 
31535 30012 
-7483 17434 
-25781 -22232 
-6591 -30746 
-24281 12244 
-23171 15474 
10435 30016 
7289 -21058 
-29153 -23188 
1845 -6198 
-4805 -21416 
-7759 -18794 
8727 13828 
-6163 -23006 
-14157 -20880 
5609 622 
15631 16796 
10149 -10374 
-25813 -9336 
-26335 -3770 
-16633 10292 
-22947 -9262 
17571 -27744 
19289 -7394 
-30721 18892 
17429 4906 
-23269 14008 
3217 14326 
30711 1636 
-7987 -8830 
-25453 9424 
-17207 20430 
28399 -16900 
23685 -25894 
2827 -16920 
15361 -30042 
19687 -12140 
-26819 -21710 
-12157 25088 
27193 18558 
-3617 -25044 
28917 28298 
-13061 28952 
10097 -5802 
15831 -31036 
-13907 17634 
-8077 19248 
21417 -13010 
4303 -5540 
-32411 -29126 
-5397 20552 
-12575 21510 
19143 10484 
30749 -21870 
-13213 -8096 
31001 -8738 
-13377 -23924 
-29227 -1558 
25819 23416 
12881 -13642 
29623 -18652 
-23923 -9150 
-27565 8592 
-9591 31374 
8879 -14660 
-27067 -20070 
15051 -27992 
20929 19814 
-18265 12628 
18685 -9742 
14403 3776 
30713 -23746 
5535 22252 
-25931 -19126 
27835 -2600 
11569 -9194 
6551 -26748 
27501 -23646 
-18381 -22544 
20841 22510 
-23409 21276 
-25819 1274 
-1365 -31480 
-15199 30406 
-27001 -5708 
2525 14674 
5155 -4832 
26329 -26466 
-12417 -17588 
-26731 -24406 
-7013 16440 
6161 7542 
12151 10212 
9293 -25854 
19475 -8624 
-18359 25934 
-27025 -28804 
-28667 -30630 
10891 10088 
10113 -12250 
-7065 21012 
-17731 -14158 
24579 31616 
17849 -16898 
-1697 -12372 
-31627 -17398 
-13189 15000 
-3343 -28970 
-19113 26692 
-13011 -15774 
20467 -15184 
3881 -23890 
-1969 31708 
29925 15290 
-13717 31176 
31329 22918 
-23993 27252 
23453 -30702 
7139 -17952 
5273 4958 
-27841 -27636 
24917 1898 
9307 -6920 
-16943 12342 
-21705 22692 
26125 6594 
-15405 23312 
22025 4110 
-13777 6204 
18885 7962 
-9653 31784 
-17087 4838 
-12249 13012 
-4995 30578 
18371 -22464 
-11399 -26434 
-25313 2156 
11829 -32054 
-5061 16216 
30897 406 
4375 -1788 
-4371 -24286 
-22605 -24208 
-29463 -21138 
3087 25756 
3749 12922 
23083 11912 
-4063 -954 
28167 -21708 
27997 -26926 
-7261 18080 
-32167 19998 
5887 11468 
-5355 11818 
9243 18872 
9105 758 
-6409 18788 
26573 22658 
-1133 -26672 
-19511 31438 
-16913 24828 
-15483 30170 
18955 -28440 
4865 5542 
31719 -11372 
-8643 -6606 
-4221 -27392 
8505 13182 
223 300 
-26635 2442 
-13317 1048 
-16783 13398 
11479 18884 
-12115 16354 
-16525 15920 
-13655 30766 
-8241 3420 
26725 -5830 
-22037 -23736 
9697 24326 
-1593 -21516 
16157 26002 
27491 -27808 
-20455 18654 
23231 -31348 
13525 5354 
-7205 28280 
18769 -27210 
-7497 -1500 
10637 22338 
-3245 -27504 
-11895 -23154 
29103 27068 
-699 -29542 
31179 26024 
10433 -10138 
-6233 13396 
-28675 5362 
22339 16832 
12025 -29122 
9375 -17940 
-15947 20554 
27579 -30504 
-15311 10006 
2199 23172 
29293 -24926 
-26829 -25872 
-14231 750 
29583 30236 
-32219 24570 
-18005 -10232 
7073 -32314 
17799 27828 
-12067 -2990 
-19677 -24544 
-25127 926 
24191 -25012 
16021 -17494 
25499 21304 
12049 -6026 
-24969 27364 
-21683 5634 
-21741 20816 
-20663 -28594 
-6801 12924 
-2299 25434 
27019 -1432 
-383 23334 
4967 21780 
445 946 
32515 -20864 
-839 -22274 
2143 12972 
-21643 22282 
-13445 -12904 
-30223 -9770 
-23465 11076 
-11219 -17054 
12019 -18512 
-31191 19886 
-14513 -24868 
23525 -26950 
-30357 -13112 
-11935 25734 
20807 -4748 
8861 17170 
-17693 27872 
19353 32350 
8767 30476 
2133 8810 
-23717 -2056 
-11055 -1226 
6711 -25692 
-4851 -27454 
8915 -12784 
19721 15118 
6447 -17604 
-20283 -1510 
6475 20264 
-27583 -25114 
-217 13780 
13181 -19854 
26307 -9408 
-30087 -31810 
-21473 27500 
21813 7626 
-5317 -11688 
4017 19606 
23 -17404 
-2579 -25566 
-31053 -27536 
1001 22638 
-9457 -30820 
-2651 -29318 
6443 -32376 
18209 1862 
7431 11828 
13405 20946 
-32093 -1632 
-18087 -18146 
-23041 4044 
-28139 18730 
-23781 23736 
14993 -12810 
22007 -29596 
-4403 -11390 
23187 2768 
-21815 -23090 
3311 1020 
10885 20698 
-30453 25576 
-5631 -24410 
-21785 -10604 
9533 8498 
3715 -14336 
-10183 7806 
4063 25644 
-16651 -23414 
-13573 -26856 
21873 32598 
7127 3268 
-10323 15074 
-24973 12592 
16809 9006 
-20785 12380 
20325 17466 
26859 -2488 
31969 27142 
-22329 12020 
1565 8338 
2659 18016 
-6375 -19490 
-5697 26764 
-9259 12266 
25307 -32392 
24657 24758 
20919 15652 
-20339 -11710 
21075 1936 
-14199 -12146 
-16209 3260 
25669 26522 
-18229 14504 
-63 25446 
5799 14164 
-10499 20466 
30275 29888 
-6663 31038 
13215 7404 
-5963 -5302 
27323 7128 
23345 29206 
-2153 7556 
31085 -26206 
30259 -29200 
16233 -21010 
17039 -26340 
26917 -17670 
30891 11016 
29345 -29498 
-2937 -4172 
-26659 -20654 
21027 21280 
-11047 28318 
-4737 -32436 
-6763 -10582 
-7525 26168 
17937 -19594 
3447 -21020 
12877 -28414 
2579 -15280 
-22967 -17586 
13423 -10884 
24069 15962 
-22389 -12952 
-10879 -6618 
16999 22548 
18621 16050 
-25085 -7808 
-19527 -27650 
5983 -27220 
-11659 -3574 
-13701 24728 
8433 9430 
-27817 -4540 
-9427 -18334 
3571 -21840 
-727 -1874 
-27057 -15908 
17125 -3654 
18539 8136 
10337 28550 
71 28788 
-5731 -494 
23011 8160 
-32103 -5794 
-20161 23052 
-20651 15722 
8795 2808 
-5167 -14794 
-30409 -8540 
29709 4034 
-32301 16656 
17417 26126 
26671 24124 
6085 -10982 
22603 8744 
27457 10470 
11815 14548 
31357 -4750 
-31293 3648 
16761 28350 
-17633 -12692 
31797 -18230 
-5573 25944 
-22863 -26730 
-4329 32516 
-787 -26846 
26035 -30864 
31465 878 
-22001 -21860 
-9051 -6022 
-10197 -11128 
-25055 4678 
-13305 -20172 
-1187 3282 
8611 -21344 
-4007 9246 
13567 -3380 
14613 25642 
8731 28600 
20881 -26378 
-15113 -12444 
30157 20098 
-18029 32208 
-24119 -12082 
23535 -22788 
-28283 11226 
-14325 14056 
-16127 11174 
-9753 -9836 
27709 23602 
11651 -1280 
-28871 2430 
7903 -14548 
-6667 16266 
-13829 10776 
-5007 -13738 
2775 -12348 
-8531 13794 
32115 9264 
-18263 -12754 
32207 21340 
13925 -24774 
10219 18760 
-11295 29958 
22471 -19980 
-13027 -9326 
-22173 -1696 
7705 7902 
30911 19340 
-32043 19178 
-7717 -27528 
30545 11190 
-16201 -32732 
14221 19778 
-20141 31376 
-16503 -1138 
4015 -20548 
-13499 17050 
-2101 2984 
-10559 -4506 
17831 14932 
7677 -29966 
-27325 -22592 
-25351 25662 
17055 32748 
4021 -31158 
27067 -20776 
-3535 -17130 
-6505 -8060 
-32659 -27486 
21811 -32528 
-18839 22766 
4495 -17380 
20517 5626 
14251 32264 
-13919 -26682 
-23673 29364 
24285 27218 
-3805 1568 
3033 -9826 
31871 25676 
-29547 -3670 
24987 31032 
23825 32374 
31863 -3868 
-18099 3074 
26899 14160 
-25271 -6578 
-31889 30844 
-15099 6490 
-6261 -24472 
-21375 28966 
29031 23316 
-28739 31154 
-17149 5248 
27321 32510 
9823 -1876 
-1675 -29430 
-13957 -3176 
-18447 28630 
-32169 -20156 
-7635 -19614 
-4877 -25168 
29737 -23634 
25935 -6948 
10725 19642 
1899 29384 
32609 31366 
-20665 -3212 
-20323 -18158 
-1821 -11552 
-18023 21598 
16447 15628 
22101 22634 
-24229 7672 
721 -28362 
-1993 8612 
-1267 -30014 
-7981 -19440 
15113 -28402 
-18641 316 
32453 -20454 
-26805 -2776 
16961 -19482 
23847 15316 
-16003 10354 
-23357 16704 
-1927 22974 
-13793 12652 
-23755 21450 
-5829 -1960 
15793 -7530 
-8681 16900 
1005 -28126 
17587 31344 
-3607 -20882 
30991 -12900 
-15451 17274 
-26837 10120 
-2783 7494 
31495 13364 
-15779 -14382 
-16221 24480 
10073 -28898 
-15361 -10804 
-8171 32554 
-24293 -32072 
26769 25590 
13303 4708 
-819 -13950 
6291 -3888 
-26423 -1074 
-21777 18940 
-1915 1754 
1803 2536 
-26623 -18778 
2279 -9068 
-19651 -26830 
19587 11776 
17977 -2946 
11743 10796 
3317 -9590 
-14085 -17128 
-31887 5462 
-1577 -27964 
-6739 12514 
23667 5936 
12201 31022 
19663 30300 
7525 -1478 
-6421 -25528 
10977 -32762 
1735 13556 
-27619 -26990 
18531 -21408 
21785 -30242 
1983 11916 
10709 26090 
24795 -22664 
-29103 -2378 
12215 -15580 
-16755 -14270 
4179 -4720 
-18807 9870 
24239 21180 
12869 7578 
14027 -8536 
-21055 31078 
29863 15700 
25853 -14862 
-19389 -9536 
21497 20286 
20895 -7444 
14005 8522 
26811 16856 
-30415 2070 
-10857 -23676 
-30867 -28766 
13363 29680 
11625 1006 
-8049 -8420 
14117 28922 
-2389 -12024 
8353 -23866 
21127 -2636 
9693 9554 
-28637 -18144 
17113 17566 
2943 18252 
13205 3242 
-8037 -29640 
29713 18806 
-5257 13284 
16461 -30974 
-14317 -21936 
-27575 4430 
-11665 7036 
11269 -2982 
9867 29544 
-31871 -986 
-24473 24084 
-10563 -19278 
-9213 18304 
8633 27134 
13663 23468 
8309 10250 
-14213 -31080 
20209 -17706 
29015 29764 
-5843 -20894 
-13325 -28496 
-5335 20142 
13391 2012 
4325 -22598 
-14741 -14904 
-10655 -31354 
24135 30324 
30621 29714 
-26653 -31264 
-3943 -16546 
-12481 8204 
-683 29546 
8283 12536 
6609 23606 
26423 25764 
-32243 1474 
16339 10000 
12809 -17394 
1583 -23492 
-6715 -29926 
-10677 -14296 
6465 16102 
-29657 16084 
2173 25458 
-15421 29760 
-20615 17598 
-9953 -27540 
-13771 -4406 
-6085 -29864 
-11087 11670 
-13033 1284 
2797 -29406 
9139 28016 
26857 22894 
18447 -3940 
-21851 -24966 
22059 31368 
19489 10310 
10759 -18636 
-30371 -32046 
24483 4768 
24153 -1506 
21247 -18228 
-30955 -26070 
8219 -27208 
32657 12022 
-23817 21860 
-31795 17538 
30611 25552 
-28727 9934 
-1553 -4868 
24453 -7718 
17931 -8984 
28417 16806 
14311 -8300 
-1475 -11726 
27523 24832 
-711 -8322 
15583 -29396 
13301 30090 
-14341 20504 
6769 24662 
-5929 21956 
-4947 11234 
15219 2608 
-22871 9262 
7119 -26276 
1125 21818 
-23061 -4280 
-32287 -29946 
-19001 -18444 
23325 20882 
-6301 24416 
-29671 -2850 
-26945 4492 
-12075 -32534 
-8229 -17800 
-23215 -15946 
-24905 1572 
17805 17218 
28499 24720 
-21111 20878 
-21073 -2628 
-26299 -1894 
30155 -20056 
-31551 1126 
-23641 16468 
-21507 242 
-11453 3520 
2809 14910 
24735 17900 
23989 -17334 
26555 -11048 
8241 21270 
-15209 26244 
-29075 -30046 
4915 26352 
-23447 -20754 
-20593 540 
7717 -13318 
-19029 9224 
30625 -21050 
391 30900 
-4899 -8110 
12067 27680 
31193 -20578 
-25985 10828 
-9579 10154 
24475 -24776 
-29935 5238 
23159 30436 
-14515 514 
10003 7504 
-29879 15438 
8559 -16772 
-27899 -12454 
25995 18024 
23169 -30938 
-12441 24852 
7613 -4174 
-1277 31360 
-10055 21758 
17503 -16724 
18293 -15606 
-14469 6552 
-6671 1494 
24663 14148 
-4051 -22174 
-21773 -31824 
25129 -1618 
847 10972 
-2075 698 
-31381 6344 
11617 -28538 
3399 -1676 
16029 12050 
14051 14560 
10137 10846 
24127 780 
-23467 -29078 
-24741 17400 
12497 10038 
-10697 -22620 
2317 -32574 
-24877 -26096 
10505 -6386 
21807 18236 
19653 26138 
5451 -25816 
-4031 -13850 
-17625 16852 
20349 -24974 
-7485 -22720 
26233 12222 
-6113 -2196 
-3787 -30262 
-6341 7768 
27569 30870 
-17385 -14332 
4589 -30686 
691 24688 
-8215 1134 
5903 5020 
-28251 -1670 
5419 -12920 
-23775 13126 
-9977 14900 
20573 15826 
-349 -14944 
-27303 25886 
-7681 -25652 
11797 -19158 
-24805 -22344 
-26991 -1546 
4599 -26524 
2765 -16510 
-10605 -10544 
-31031 20942 
18671 -28676 
-14715 -17190 
-31477 -20504 
17921 -13146 
26343 -7532 
16701 3378 
-30077 -27648 
-19399 -13698 
19423 -4052 
23285 4234 
-14597 -7400 
-20111 -21674 
-10281 6340 
-3155 9954 
6771 -720 
7593 -12498 
-5425 -17316 
-5275 -20422 
25835 16968 
-10015 -27130 
25799 15092 
8733 3218 
-31133 4704 
-15591 24542 
9663 -2932 
30677 -25622 
24283 -12936 
-17327 -29514 
3511 18724 
-13171 -16830 
-12717 -11376 
-23415 31886 
-849 -26436 
69 -11366 
-19253 -31576 
23489 -28826 
-11609 17236 
-3331 15346 
-3517 16576 
-15879 9534 
28575 -22292 
-31563 22346 
26299 26584 
-18639 -25066 
-19561 10628 
-27283 -31326 
-3533 23024 
7017 23022 
32399 9500 
1317 9978 
29867 30472 
-12639 -18234 
-20345 -1100 
-19491 -25774 
-12765 7968 
-20263 6814 
10623 3404 
-32363 17066 
-8549 -19912 
-24047 -8330 
-13961 -17948 
20045 32002 
-31213 -28592 
-32183 26446 
28783 24956 
-1531 -21926 
-23413 6504 
12673 4646 
-409 25620 
25789 10930 
6659 -21120 
-28743 16382 
21343 8620 
28277 24074 
-14725 -21352 
31985 20694 
20311 -1468 
-2259 -23454 
-30221 30384 
-9943 -23378 
-11697 19932 
-8475 23994 
17515 27592 
-31647 -25722 
-17337 31860 
1437 -5614 
-10781 -5152 
24217 -27298 
-4801 -6644 
19285 -22166 
7771 22264 
18385 -3530 
17719 -5468 
-28659 -1086 
-557 3344 
8201 4622 
-23505 -5572 
-19515 16666 
21579 28200 
-14527 21734 
-5593 17620 
-27011 -9870 
451 -9664 
7545 6846 
-2273 23148 
6197 9418 
-6597 -20136 
689 -15466 
-21737 -29948 
6381 -31966 
-7757 21360 
22249 -20626 
-6641 13980 
30885 21626 
-11221 8328 
-1503 15942 
-30713 -17100 
5981 -1838 
-25181 30880 
-13223 -12258 
28927 32460 
-10987 -12246 
7707 -17480 
-21103 -15114 
-32521 -9372 
-28211 14978 
13715 18896 
32201 31950 
-26641 13052 
11653 -26662 
-15349 -32024 
7425 22438 
-27161 -6764 
-30659 18482 
-22141 -14592 
27449 -19074 
23263 21292 
-32267 -21622 
-14853 30232 
18545 -2474 
-14633 -9276 
-1363 8674 
-1677 -4048 
-27479 31278 
-17969 -8356 
-11675 2874 
9195 -27320 
12257 -24314 
5063 -16908 
-5859 -14446 
9571 -15008 
-1511 -13602 
-19265 -10356 
7893 -18710 
-8741 -8072 
-11439 22454 
31927 -29660 
21389 14658 
11603 18064 
-25719 -22642 
19375 15292 
26437 -20838 
-3125 22440 
12993 6758 
423 18004 
14845 30450 
4419 29632 
30969 4158 
32415 3052 
-21579 -3510 
26043 -1320 
20017 -5866 
-23913 -4988 
-25491 -32606 
-11981 19696 
-28055 1262 
19855 18460 
-5083 -32262 
13227 -13816 
9633 -15418 
24455 32436 
31453 22098 
27939 -11744 
-6183 -31330 
-18305 -4020 
10389 23978 
23963 -15048 
-18159 -21898 
14455 -796 
-10931 -2046 
-6893 848 
31049 -28082 
-16529 1148 
24837 -31398 
-7285 -5016 
2177 -25306 
11623 26388 
-21571 26034 
14595 -8064 
18105 11006 
25183 -31572 
-27275 -1782 
-14981 16280 
5105 -25642 
15959 -17084 
-467 -24734 
26867 27056 
20521 20398 
-24241 28892 
-14875 -18246 
875 -16696 
-9375 -22906 
27463 -140 
-13155 -23278 
29923 -24864 
-27239 94 
31807 -14068 
-3499 -15254 
-25253 27128 
24273 -17098 
-19401 11684 
5901 30402 
23763 -32752 
5897 15630 
-3281 -29380 
6853 7194 
-27829 16680 
-25023 -8218 
6439 18388 
-8835 5234 
8387 3392 
-11143 1470 
1567 -17044 
16181 -16438 
-6853 17496 
-26191 3734 
-26089 19972 
8173 32290 
-16205 18032 
-12823 23150 
-19185 22940 
24485 -20614 
-27861 29576 
20769 18758 
14087 16436 
-8611 -19502 
15523 11168 
857 15134 
-1 25036 
31765 -5334 
-25317 -12616 
-15215 -28682 
-4105 7780 
6349 -19070 
-27501 -17200 
29897 -22578 
-6417 -10756 
-27515 29402 
779 21992 
-3071 -7514 
-15129 -5996 
-12483 -31950 
-14205 -1536 
8761 -24450 
27103 -18900 
-22283 18058 
-15109 2328 
-8335 16726 
-18985 -24892 
429 7394 
-10125 -7376 
2985 9518 
-30513 604 
-18075 26170 
-7445 -6072 
-31007 -21498 
-15673 16628 
-20451 -32110 
-15261 30816 
12569 13790 
17343 -17780 
-14891 -11798 
23771 -3208 
-5551 8886 
-5193 -12508 
-9587 -19390 
-29613 -18032 
-28023 -11634 
-25937 -8516 
-12731 -30310 
13003 10920 
2497 -23194 
12455 18772 
-32515 -19982 
12355 -22848 
12281 -1218 
-29281 28396 
-11595 -29366 
25787 -29224 
-6863 13334 
-28265 -20604 
-23699 31650 
-20429 16368 
2409 -20498 
7311 27420 
-11483 -8966 
-3413 7432 
31905 -12602 
3719 436 
16861 4434 
3107 -31456 
7897 -3938 
18303 -11444 
-12395 30890 
-9061 -10184 
-12271 30070 
-22665 16356 
23629 29442 
17427 30288 
28745 -17074 
3695 -22660 
-14331 24666 
8843 -16536 
-8319 10278 
23655 27156 
-3395 -24398 
22531 4992 
-583 5630 
29023 -6228 
-17291 -27638 
-15237 -11624 
-21775 -6442 
11607 -32700 
1325 -26014 
18419 23728 
-14551 -1362 
28751 -27684 
-21275 5050 
-15765 4552 
12897 -20090 
6727 -32140 
-27747 24594 
5091 20960 
-13159 27486 
2879 -21492 
-26283 -8342 
7259 31992 
30161 -30666 
9015 28836 
-25075 -3646 
-17453 -3312 
3593 26638 
16943 12348 
-32315 -2278 
-11701 5160 
30017 27366 
18471 19156 
9341 20338 
16323 16448 
-29831 -3906 
5407 8300 
26165 23242 
-7109 -10408 
12465 22934 
-30441 4356 
9965 31010 
-24653 14704 
17641 1390 
-31729 31900 
18085 2682 
21035 -14712 
-22495 21574 
-6649 -15564 
-23203 28370 
-9309 -8544 
14937 -23010 
-28929 17612 
8981 1578 
7195 -7752 
-9327 23286 
24311 24932 
-24627 12418 
-3181 12240 
27593 -11570 
13807 30972 
-1147 19930 
16907 10472 
-13567 28070 
-3097 -5228 
5693 -16846 
-6269 11520 
-9927 -29826 
30943 6444 
-12299 -7798 
-15365 -25576 
30321 -29610 
-23337 25028 
2221 6114 
-18573 -10704 
-32087 -12242 
22479 9564 
-24475 -16070 
-24085 15176 
-8735 -18682 
29127 -15372 
30493 15762 
25443 11104 
26649 -24354 
-11585 -25204 
27861 -4886 
-9253 1656 
337 -4682 
23223 4644 
24973 12098 
-5293 11408 
-30327 -626 
-5713 -32324 
13637 25754 
29131 -600 
-7999 12390 
24487 19540 
-14339 -4878 
20291 -9792 
-6407 -6594 
-25441 -11796 
-1611 10314 
25531 8408 
31793 32534 
-32617 29316 
-21907 30370 
-28877 13040 
-32663 23278 
-5233 -29156 
-17883 14330 
-20053 28680 
-11359 -9786 
-17017 -31564 
2269 -13230 
-21725 14368 
21977 23454 
-10625 -18868 
30357 -27734 
23451 -5320 
-6383 16502 
5751 -32028 
-7347 -4606 
-23789 -5808 
26441 -6066 
23919 19068 
12037 15194 
24971 -28056 
-18815 -19674 
-29849 27924 
14781 -9294 
30467 18048 
-19271 254 
-32673 19116 
-7307 12042 
-15493 26008 
16881 12758 
7255 17220 
3117 -27294 
9971 20400 
15913 -23122 
16207 -18724 
-27675 28346 
-32405 25800 
-30367 -17274 
-14009 1396 
23197 6930 
-19741 1248 
921 -10658 
-26049 -28916 
16469 -1430 
-25765 -28680 
-29487 21302 
-28105 -19548 
9485 27842 
6867 26128 
1289 -27890 
-28369 -11460 
-5947 -11750 
4427 -6360 
19521 -2586 
30503 19924 
27517 -30094 
24259 29504 
17017 -9282 
9247 -31892 
-29387 -2614 
-7365 27224 
-14415 -23402 
30743 -11260 
11757 29730 
32435 11376 
-17431 -20370 
21263 -24676 
11685 25978 
4395 6536 
-223 24390 
-27385 17972 
27741 10706 
31395 -28256 
29017 4382 
7679 10188 
-13803 8490 
-25829 -2888 
-3439 9718 
-12809 -23452 
9933 -21630 
21139 -23856 
25289 -562 
-31505 7164 
25221 10458 
-32501 -1048 
-24063 -1882 
8935 -4460 
23869 -1742 
1667 24576 
