-346 -20249 
25748 -25795 
24370 29827 
13824 -20935 
15486 -10785 
-19924 -2827 
-23926 -3845 
-15080 -5263 
23894 -24105 
6852 -12883 
-1822 -31629 
7984 -26711 
-16082 -2865 
-420 1381 
-15814 3819 
-23480 -27935 
-14330 -20793 
-17164 31773 
24210 28771 
-19360 -17127 
-11810 -20545 
-18804 4565 
11754 -30501 
-20616 -2479 
16054 -10313 
19236 -22899 
-28606 14419 
-2672 7817 
28302 1711 
-9540 6725 
-6758 24267 
-6488 5569 
-16026 7335 
-15020 19709 
-29198 -9149 
-7488 -17415 
-26818 -1633 
27372 7861 
-5814 -28485 
18904 -3791 
20502 32151 
11140 28525 
22434 23603 
31728 -27287 
19438 -30577 
26396 7973 
14586 7851 
-9976 -30559 
-5434 -1401 
32180 3549 
-4782 -18397 
-16096 -21799 
-29538 -19585 
-12468 7061 
-11094 2203 
-27592 -9199 
-28298 -27785 
-17436 10317 
20226 -4077 
-19888 -951 
22862 31343 
-23684 5125 
-17318 20107 
31592 -5247 
17446 18535 
-6636 -16707 
31922 1027 
20352 -30279 
-19970 -8865 
-7252 2165 
-4086 -3973 
-29032 -18703 
726 6487 
-956 -11987 
30306 -3085 
-26448 21289 
-26962 -9137 
-28708 -1819 
28602 -4501 
-12856 15969 
-12922 1607 
-396 24477 
15378 -16413 
-29216 22681 
1886 30527 
-22516 -6827 
15210 18523 
14584 -32303 
-23498 3895 
-4956 27149 
-12862 26579 
12048 -26103 
1038 -20945 
11324 -12859 
21274 -437 
-12248 -32447 
-31002 13351 
-14636 -3971 
11122 -5181 
31808 6009 
-29506 -32481 
7276 -19915 
-18742 4155 
-27816 15537 
30102 29975 
-29436 -3347 
21794 19379 
30064 -12055 
-24210 -4081 
30876 -27995 
26234 32299 
-32120 -19423 
28742 -11769 
16180 29021 
19154 -30813 
6816 -14759 
16926 -1281 
16588 28437 
25130 18459 
-25160 -6255 
30454 19191 
-8860 27597 
3202 -24685 
27600 -2103 
28366 -24081 
29948 18309 
-22054 28171 
-6936 -10495 
-30298 -8217 
26516 -7619 
-26062 -27773 
26880 25913 
10110 -6945 
5420 7157 
15754 -4101 
22552 -32143 
-22442 -28457 
-8764 -11091 
-3102 25459 
4656 3753 
27694 -15409 
8540 -5019 
7482 -12821 
-2232 -5663 
-11514 24007 
16372 17181 
6546 3939 
26464 -3047 
15582 16063 
-26228 -18219 
18666 2011 
-15752 3409 
2486 18103 
-29148 11661 
2882 -26797 
26768 5513 
-26226 21935 
32188 -32443 
-16230 -25141 
-18008 -4927 
19558 19367 
-14252 -27651 
-14094 -1213 
5568 29433 
-32194 2207 
-12820 17845 
-31670 -28741 
-9000 -30671 
-25834 27799 
-4476 30317 
21154 15155 
28400 3177 
-2322 22415 
-30180 1573 
-27654 -8789 
11272 -8287 
-2618 -22137 
180 -11043 
-22446 22307 
29728 -7719 
-2146 17023 
-19892 -15723 
-4182 -30821 
-22728 -3311 
23670 631 
-284 -20659 
-13822 20243 
9552 -3255 
-31666 -13969 
18044 31493 
-26790 -29301 
20072 -15743 
-12506 30567 
-5868 1469 
-18510 8963 
-32128 16569 
-25346 -5025 
18092 12149 
-29942 -4229 
8600 19953 
19926 2135 
-16572 -10195 
29026 -11533 
-29776 -13783 
16814 -21681 
-19748 -8219 
-13638 -21141 
8392 -27295 
-10106 -19129 
-32396 9885 
-2286 24291 
16608 -28775 
29278 1599 
-29940 -29611 
22122 -14501 
19448 -26415 
28470 32311 
12196 -3827 
18626 -14637 
-24048 -28407 
12046 -721 
-12484 13509 
11802 15691 
-23768 22593 
4582 25383 
-13868 14205 
26226 2755 
-20672 -12679 
30654 -28641 
32620 -9931 
20938 3899 
9816 -11343 
-16234 25623 
20484 -1555 
20514 10931 
26736 18409 
19566 -16625 
-25700 31141 
-16006 15659 
-10872 2849 
31558 -32505 
-15820 14429 
1490 9891 
-12896 -679 
-21218 -30209 
9164 5653 
32042 -14565 
-20296 -367 
16886 -17929 
8292 -3379 
-30846 -365 
-8496 -4407 
-26162 -3857 
6140 -20859 
-31526 -21237 
-18456 -20991 
5286 3815 
27284 10557 
-10958 -19837 
-25600 7225 
4734 -3105 
30764 17141 
-10102 -4357 
-5352 6513 
-3242 32727 
-24380 -9299 
-4382 17011 
1328 -31319 
5934 -27953 
17500 -11419 
30778 -29461 
19016 16609 
-8698 3271 
-15628 2589 
-11118 -20893 
6752 11033 
-22562 -12865 
31884 24533 
25578 -31013 
-10888 9297 
-11082 -19017 
-11996 -19315 
-31166 -2477 
-9328 3209 
-15218 -23377 
8380 -6075 
-25702 -9013 
-29528 -15423 
-10394 31399 
-13484 -9475 
1010 6723 
18624 10745 
27966 6047 
12524 27829 
8010 -28997 
28632 7985 
-6634 23447 
-20092 32109 
19874 6707 
25072 -31895 
-24082 9871 
-21220 -4827 
-4358 -25429 
32520 13985 
198 22663 
-31820 -25635 
25426 -2525 
10016 6361 
25246 -11905 
-27316 27029 
2730 1691 
-17864 2577 
10102 29047 
16868 13901 
17666 -20973 
-26544 -5559 
-20658 6255 
-5764 -7675 
29274 -13173 
8552 -26239 
23078 -22937 
-5100 19645 
-3406 16899 
-19072 -2119 
-30722 -1185 
-22100 22133 
9738 -4485 
-19304 -6927 
-26410 -2217 
-32188 -8403 
27746 -19981 
32432 16681 
-4946 31311 
-10788 -14619 
9658 27755 
29640 -5023 
-7290 25671 
1140 -4707 
-19950 -541 
-3104 -14695 
-8866 -27329 
28172 13141 
29034 18011 
24312 -20527 
14902 -4809 
29348 30733 
-15422 9683 
5392 -30711 
23054 19503 
29244 -25659 
2330 31819 
30248 12097 
-25370 -28121 
-13100 32381 
-24206 10691 
-7616 -31367 
25278 -24801 
-7572 53 
-4918 3643 
-18088 27313 
2966 21271 
4868 237 
19234 2483 
23408 -16663 
-2194 -29169 
-16740 24741 
7290 -981 
10376 25121 
-31162 12295 
17716 -163 
-16174 -14941 
-32608 13401 
6174 6399 
1740 -17131 
-26582 17947 
-15432 5521 
3318 10487 
25444 31181 
642 23955 
20944 -6711 
-15154 16367 
-17668 5509 
24538 -5109 
-29976 -31487 
-24666 15847 
28052 28733 
4146 -11901 
-12544 -11463 
-642 735 
-9428 27125 
29578 -4613 
32280 -20367 
15958 28375 
25540 -7507 
-5662 8563 
-2000 -855 
-15826 25039 
26460 -17819 
-11462 19435 
-25272 -26655 
-5882 -17465 
17908 -12003 
-28782 19811 
-12960 25113 
4830 23743 
24460 1749 
32490 1499 
-6024 15185 
-24650 9399 
5156 15245 
322 21843 
20112 905 
-4210 -3153 
-15428 20293 
30362 7115 
24488 -25919 
25190 -22105 
-12716 8701 
16114 14659 
31680 -7943 
22590 9887 
-27668 -27723 
-17846 -29253 
728 -18895 
12566 19095 
29828 -31635 
18594 -1741 
21744 -1431 
19694 -2673 
-12260 -11227 
18938 23467 
-11768 -29279 
3014 1927 
1716 25309 
7762 -27357 
-9696 20441 
-12898 24703 
30796 4245 
9642 -31333 
-13000 8465 
-3466 -8073 
-31516 -17075 
-16382 3347 
2896 -7863 
-9650 26479 
-29572 18693 
19802 2955 
-2968 28801 
-6874 -10905 
-4332 -27715 
11698 24835 
-6016 -20807 
29438 2655 
3244 32117 
-16118 -4741 
18328 31729 
-7210 -6569 
17732 -6611 
26466 -28429 
29104 -18391 
-26706 18767 
-1828 -21019 
-32582 11115 
-14648 17249 
-4474 4935 
-30860 -19299 
27922 -25373 
-22816 -615 
18526 9279 
20748 -9643 
-29590 -15013 
29176 -14639 
1334 23607 
-19036 -243 
16066 -31533 
-30704 32521 
-31474 -25809 
5436 709 
-7142 -17589 
18728 1601 
10214 -16089 
-12332 -14979 
-9102 18627 
5440 15481 
19902 -20961 
17772 10037 
-30774 3387 
19544 433 
22166 16919 
-10748 2029 
17954 -5965 
20080 13801 
-23954 23823 
-7780 18341 
30586 -17621 
31624 -18143 
-28346 -8441 
-14284 -14755 
31698 25763 
13216 27481 
-31970 -22529 
-5684 25621 
-19670 -15077 
-10568 11409 
-10250 -26633 
-22940 205 
32130 -17261 
-15152 -9015 
-4146 -28945 
24060 31877 
15066 11019 
24040 23553 
10918 27879 
28820 -18627 
19250 -3965 
512 -30151 
-6018 4575 
15916 -28427 
3722 -4869 
4376 18289 
-30378 24023 
9924 -5715 
-6942 115 
-5328 29609 
27950 12495 
-30116 -24219 
11834 2795 
-4024 -4383 
-3066 27335 
-14092 -26595 
19090 -5021 
-32672 -26343 
32222 -5185 
17036 -21035 
-26134 -31525 
-1160 21073 
27318 -27721 
22308 -15731 
31810 -19373 
-15984 -1399 
6798 17071 
26300 -18875 
20890 23243 
12968 29121 
-4762 -10073 
-11948 26877 
31218 22595 
-20800 -26631 
17214 13727 
-2324 -17739 
21834 -29509 
-27176 19761 
31766 14743 
14212 -29843 
17314 -10189 
18416 29033 
-2066 -15217 
-3300 -17627 
-23302 6827 
9480 -7007 
5830 -18809 
-30284 10717 
-9902 13347 
-29408 -31015 
14494 -4225 
23372 -18539 
16554 1179 
-8136 14353 
-17034 20343 
-14364 17485 
15106 27667 
32336 -10167 
1358 -18833 
12156 -20475 
10330 19083 
-14488 18305 
28710 1127 
-3564 -9539 
26802 -32765 
7040 26041 
24062 6495 
28588 -23435 
23562 -4997 
-9576 4849 
11990 -10921 
2116 -4819 
25186 28659 
25776 12073 
17070 6223 
7132 -27419 
-9286 -5525 
6600 -26015 
-1658 -15801 
2676 31645 
10258 15331 
23008 13465 
-19618 -19649 
13324 -32427 
-22678 17499 
-31496 -8751 
-12234 -13513 
-1884 -31219 
-17982 -7213 
-1264 30217 
-20466 -5585 
-18372 27077 
-16614 -1461 
7208 -8895 
-19738 -4057 
-11564 3197 
6002 26563 
18496 -3207 
14526 -17121 
-22420 20021 
8906 3131 
-8360 -26447 
-24170 12567 
-26364 3821 
16674 -14413 
16752 -21271 
19822 11279 
1180 11941 
-11654 31275 
-12664 4129 
-25530 -29177 
19252 -29347 
14034 931 
-6496 -23975 
-4578 14079 
-13108 2837 
-12758 17435 
-5704 17297 
-23818 1783 
-5788 -30771 
-1918 7059 
14288 -11319 
6862 -8721 
252 -7291 
5594 27147 
12520 13057 
-19034 -25625 
29588 -451 
-31182 3971 
13568 16697 
-11394 8415 
-24276 -18443 
-22134 -5125 
-23528 -8591 
-11178 19671 
-5692 -3923 
-8222 -8333 
-8656 -5463 
6190 -49 
-21156 -30619 
-30406 -13845 
17224 17889 
-250 6599 
19444 24349 
1426 -29853 
13152 -12263 
-5922 31423 
9612 21717 
-19222 987 
3704 26961 
13750 695 
-26076 18829 
-2238 4947 
13456 -3703 
17806 -28241 
2492 7493 
11418 -26165 
1448 18625 
30822 1959 
-11180 -20483 
-19214 30531 
-7744 20217 
11838 17567 
23020 -7755 
-4022 -29765 
10456 -7119 
-14570 10391 
-1404 -28051 
16034 -18637 
15088 -6039 
-23826 -27761 
5660 -24027 
-6 -9813 
30728 15265 
8646 25991 
3252 -3875 
-27566 -11485 
16416 -16935 
-23650 32383 
15948 24213 
23466 -31845 
-3272 20241 
-30602 -16777 
2788 -13491 
-18942 -13549 
-3760 -12471 
12366 1391 
-11652 5893 
858 -30325 
-26008 7809 
-1242 13159 
-2796 8637 
-23630 -24829 
20096 7353 
18686 10335 
-11604 -13451 
-2294 -5253 
28056 -22031 
31190 -15273 
-13500 -3027 
23906 20211 
22448 -22999 
-4690 -6321 
16092 31717 
14010 -22165 
27848 -3743 
1158 28999 
-29324 17053 
-7406 -9501 
3296 27545 
7774 16959 
5900 10325 
-15766 -15525 
-26632 -2863 
-25802 14903 
15268 3341 
13506 17107 
28176 27913 
-9458 14639 
23356 -12091 
-26086 14667 
-4312 -19391 
15846 7975 
-10796 21373 
21106 -31037 
31552 -21895 
9150 -13281 
2924 30005 
-16950 2875 
29272 12209 
-4970 8215 
23556 5613 
15394 -22861 
13424 9193 
-1938 -1265 
10140 5541 
11642 14635 
8584 26401 
-22714 15623 
-12748 21597 
-3630 -23901 
-26208 -9895 
22814 -14849 
-20532 -19947 
-5846 -15589 
-840 23185 
28150 30199 
11364 3789 
29570 31379 
-21808 -13623 
17870 11503 
-23556 19077 
-3878 -22261 
1000 2561 
16550 -13593 
30356 17725 
-16078 11907 
26624 -1991 
-16770 12255 
1068 -8459 
17546 -5381 
14104 30065 
8022 15319 
-21308 -2131 
-9502 -16781 
-11984 25001 
-15570 -12593 
-12196 28517 
-7110 -30485 
-27064 -25375 
2566 -14137 
-12556 9757 
-16238 10851 
-6560 1817 
21470 2495 
2188 -1067 
-12310 -32037 
8568 -32687 
182 29111 
-8924 -12147 
29250 29267 
-22640 -6007 
28814 -8017 
-21316 -31675 
1946 -10037 
-10072 8129 
870 13991 
-10412 -2307 
-4110 -27069 
5312 1529 
6462 21407 
-17172 2229 
-29878 -30021 
-17448 31537 
4630 6039 
-17020 -26259 
14754 -27085 
11760 24425 
19950 25231 
14620 -30427 
23290 -26453 
-13560 -27999 
11462 5255 
-28748 -18467 
20306 29219 
-3296 -2855 
3742 3455 
8524 1429 
30378 667 
1592 26129 
21366 11639 
19940 21069 
12546 10771 
25680 -14775 
23374 21615 
30076 32261 
-8614 -14197 
28008 -2687 
-31194 25191 
-2028 26813 
-8526 -16893 
-32384 -11335 
13310 14175 
13740 -3467 
-28150 -5509 
152 16625 
-15146 -19625 
-29116 -1235 
22626 11763 
19120 7465 
-26450 -18865 
25052 25317 
-28230 26731 
-16440 18529 
3974 8263 
4212 2461 
-25070 31203 
-16416 -23911 
-30370 -11969 
-1524 -12459 
-8854 16987 
-21768 3025 
26166 -22217 
32420 -27635 
-20542 -24109 
-7920 25609 
1550 -30673 
-452 14277 
29978 30795 
-15832 -29887 
-14106 20007 
-10028 -25987 
-29326 -23101 
-20928 24953 
3774 -9441 
28268 -25547 
22730 2619 
1368 -14671 
14230 3863 
7940 7405 
14114 -31309 
10096 -25879 
-23698 -13809 
19100 -859 
-30598 -2005 
29832 -16863 
-19898 -5113 
20788 7005 
-21294 16803 
19616 4185 
-15330 21759 
-27956 22805 
1066 16923 
4024 29073 
14582 -6921 
28516 -27187 
-4478 -9837 
7632 -15927 
28878 31727 
18172 -20091 
-13350 -6133 
-10520 -7935 
-13402 -1561 
31124 -29635 
-974 19843 
-25856 -20679 
-22146 16095 
26412 1525 
-8310 -5637 
-13800 3185 
27222 10967 
28612 -339 
-10782 -25229 
-15312 -10071 
28206 -25137 
-3236 22117 
16186 18411 
-5816 -3103 
5382 30663 
20980 -4835 
31634 -13981 
-26272 15897 
-16674 -26433 
-5236 -23851 
-5398 475 
13432 -26799 
-13386 -8009 
8228 22413 
-4798 -11949 
6800 -8311 
-25714 12207 
20412 -5307 
-7526 6091 
-21592 -2367 
-29082 26023 
-9644 15869 
10994 -19133 
18368 -17159 
1086 25247 
8172 12213 
9802 -30277 
20184 4657 
23830 1687 
-32636 -24467 
13474 30003 
8432 -10647 
-1810 12687 
23580 28709 
-18950 22443 
7688 -5727 
14278 -15481 
4788 32477 
2642 4387 
-23008 11225 
31134 -25473 
1100 -21355 
-28246 -32357 
6456 32017 
7798 -25481 
-28444 -9907 
-21502 -30445 
-10416 -17079 
-31154 -23697 
6268 -6907 
-18086 1931 
16488 -13183 
4390 -28313 
-1260 -20547 
6578 -8957 
-19328 -30023 
7934 18015 
-26452 6517 
11530 -5765 
-27752 -10255 
4054 -23977 
20804 557 
21346 3315 
15792 -27607 
17326 -31409 
-31524 18917 
-4934 10091 
4808 -24735 
6790 -12473 
-27788 -12131 
22802 6371 
29408 -9831 
-2978 24639 
-8948 30293 
-1942 -16037 
-16904 8913 
12598 6199 
-15964 6925 
10946 211 
21520 23305 
12558 -10449 
-24260 -24891 
20506 -18613 
-27352 25153 
21478 32039 
-9260 -7811 
-14222 -15165 
-7872 6265 
-1602 -5601 
-11924 -15563 
-3126 2363 
-26536 23985 
-32106 -489 
-7676 9197 
12834 25779 
6768 4585 
20078 -26353 
28060 -7259 
-7302 -18645 
-14456 5409 
-17082 -25849 
-11212 -7587 
26578 -8029 
-96 18265 
12062 -7169 
30156 21 
7978 -16101 
8888 -30575 
1014 21495 
-19868 7373 
27010 14483 
-28464 -18231 
-25650 -13585 
-5636 6277 
-22822 9995 
-22040 -18431 
22182 10471 
31892 -11459 
14130 27779 
-12800 26169 
-27522 19935 
-13780 11509 
31370 -5893 
23832 -23695 
-19114 6615 
12996 1453 
-12062 31859 
-18640 20393 
6446 27855 
5724 15717 
-26054 1771 
15432 19169 
8198 9927 
-11020 -19427 
13970 26723 
19552 29977 
10718 10175 
-12660 18901 
1514 -32549 
18296 -20911 
-26954 20407 
25380 -8563 
26690 12371 
-29296 -10615 
-14706 32431 
-3396 21061 
-16998 22219 
32424 -12863 
6502 -27481 
-8876 -31491 
26098 -11197 
31424 29689 
-4290 29087 
-32020 22197 
-16054 -30533 
-7720 -22223 
-22506 -2665 
17284 -22675 
12194 21555 
5104 19817 
-23570 143 
32540 22309 
4346 5803 
28936 16545 
17094 29319 
-27212 17885 
-15022 -20445 
22816 25305 
-7010 11135 
-6324 21397 
-21334 155 
11320 -27631 
-5770 2935 
-11292 24653 
9986 -6125 
19024 -19383 
-20146 -3473 
-17540 19461 
-27558 18059 
4968 -23679 
-25562 -16281 
-492 -2371 
21682 -1021 
-6272 16825 
2558 21855 
-1108 16501 
-14326 -6021 
9880 28401 
23254 -28329 
5188 2349 
20066 -5133 
12464 2857 
-4434 21583 
-22564 12517 
18362 -6549 
26056 -2463 
9606 32327 
5748 -26723 
5138 -18461 
9696 4249 
24414 -4289 
-16372 7509 
4970 16475 
-12040 14801 
-970 -30921 
1188 -24051 
-23102 24531 
-14576 21001 
23566 9775 
17468 1477 
11034 -2485 
26664 14657 
-8474 -21465 
-8492 10365 
882 -7229 
5184 -12423 
-6978 -1761 
13420 -5579 
-28982 2107 
11096 -2895 
-12906 -4841 
-23292 10989 
11554 17331 
3440 -30487 
-1682 26639 
-28516 -13659 
15994 30251 
6792 27681 
-14266 18951 
22324 -22179 
8914 32675 
-19808 32345 
-26082 29439 
22732 -22763 
14890 16411 
13752 -24687 
-12554 -15625 
-2716 -23603 
-7038 -26733 
976 -20535 
-14642 6639 
-29444 32645 
-32294 26123 
31976 -28927 
-7770 22503 
32660 6717 
29234 -29821 
256 7481 
32638 23775 
11564 21493 
5514 -6149 
-4072 14961 
86 2263 
-2620 3245 
-13342 23411 
-21968 -14679 
-15314 15311 
14684 9317 
-2758 -14869 
-28856 -24095 
11014 -10809 
22516 31517 
-3694 1891 
-160 -21479 
-27426 -18753 
-20084 -3883 
8426 -37 
23160 -15023 
25014 -16713 
-23004 25997 
-7358 -28845 
144 -12919 
-3698 -12881 
-27204 -18107 
-26470 -27189 
20904 -23359 
-23450 -15449 
-8108 -13315 
-24334 -3261 
-21056 11001 
-9666 -32609 
-6676 32181 
23626 -30789 
29912 16433 
-3306 -7017 
1668 -20883 
10914 13107 
1776 -15255 
20206 -12401 
-24036 15909 
27642 -10837 
-15352 -26719 
19910 8583 
6324 3293 
-32686 20259 
3104 -26151 
20382 -17793 
-13748 -1387 
-14422 32667 
16184 -21743 
-19338 31351 
5860 -6323 
-24062 18195 
-17072 -21687 
-9138 16751 
24188 -19707 
28506 -31349 
-6552 31361 
10022 -4249 
276 15805 
-28750 6915 
6784 -1863 
-2818 25695 
24236 26485 
25354 -6277 
-18024 1521 
-23082 -32681 
-10428 4141 
18786 -13581 
9136 -32215 
-26194 9039 
-13604 6117 
-23878 -23189 
-18232 19809 
12422 11591 
-26252 24221 
-12526 22243 
-10016 18329 
-13730 32319 
-23796 -15275 
11882 -16549 
-7176 20689 
-14538 -2505 
18340 10509 
8386 -16685 
14864 18697 
-30962 29999 
-6340 27845 
1562 13643 
15144 4161 
27110 -9433 
-7724 28541 
15986 707 
18240 -31111 
-12354 2079 
-26772 4405 
10698 1851 
-16808 -29775 
6294 -9193 
26628 12781 
10274 8883 
112 -23 
-23442 14095 
-19556 -20059 
-26246 13611 
28040 -15583 
-11450 -1785 
-9676 28765 
-8750 7843 
26016 -19111 
1310 511 
15308 19989 
21802 -16613 
18616 -18799 
-26122 12791 
14436 10957 
24450 -2413 
30416 -22839 
-3634 26863 
12284 -6523 
23770 -23285 
20456 26113 
27814 -31001 
-32108 24893 
-21198 -21885 
13312 -11207 
27262 27615 
-28628 31477 
-20342 -6405 
-31976 -11919 
19286 -2089 
-18236 5037 
-14622 14963 
-25296 15785 
28462 2767 
23644 2917 
20538 -31509 
-7608 -1823 
13830 -31545 
-9484 16925 
-21358 -22941 
-19872 -7399 
-34 17855 
-27508 -26667 
15338 32475 
28024 -9135 
11446 11703 
-5852 -4979 
24130 -4525 
29584 -15223 
7310 7343 
14524 8261 
29594 -11061 
9384 31681 
12134 -3417 
-7340 4861 
-9230 4675 
-8000 -7687 
-15042 -28769 
18668 -23371 
-2230 -31045 
2008 -10447 
15894 -11369 
-13948 -19091 
9634 4659 
-1552 15209 
-1554 -24945 
-15076 9509 
-14598 -27477 
5896 -4447 
22726 -12153 
-25676 -11299 
15186 -4573 
-16608 -12071 
-17762 18815 
-21172 -24171 
-7510 -357 
21048 -15855 
32630 -5769 
23012 28237 
7426 -23021 
12368 -23991 
1870 -28561 
380 6661 
19034 -15221 
-18072 20865 
-19930 7783 
1044 -31555 
-13646 14851 
19840 -20551 
-8194 29535 
-15956 -29067 
-502 -6533 
19608 -25359 
-3882 28503 
-26044 5933 
17506 -22029 
5808 -1751 
17582 -3505 
-4644 -283 
-582 25707 
3016 -23455 
15238 -9145 
7284 9629 
-30190 -2589 
-29728 32409 
13662 3391 
-31220 27477 
18794 15963 
-2312 26577 
-28106 25911 
-30044 -20467 
-25662 7635 
-21232 16393 
-19954 -15313 
-30148 -11323 
-7910 29771 
3624 -6335 
-2842 2599 
-6956 -18819 
31090 8643 
31296 15737 
-17730 5919 
-1428 14389 
-15158 1595 
20824 8881 
25494 -13545 
11012 14573 
8994 435 
-3216 30441 
20334 1551 
-10596 -26459 
-2950 -3029 
-16248 6689 
-8634 -22521 
23860 14173 
-26414 -16989 
6304 -5031 
28702 -28417 
7884 -2795 
28714 15899 
23480 -12911 
25846 -24329 
31588 -20019 
-9598 21907 
-5680 -25143 
7374 -18449 
-11524 19845 
14298 -7157 
8936 15617 
-2138 -18969 
-31340 -22467 
-6094 -13949 
26368 -29895 
21886 31455 
-3284 -24075 
19338 -6661 
5656 26737 
-27050 -6441 
31684 6829 
-15902 6515 
-28624 -19287 
6702 -9777 
32604 -3483 
-21702 17387 
13640 20449 
16646 13255 
24052 2333 
26514 17763 
25952 6681 
27358 -11073 
30604 16085 
22250 -549 
-32648 -3247 
-2122 -25417 
11300 29581 
-9918 19795 
-6512 -17527 
18318 27567 
-9284 -30907 
20122 5067 
-2136 21185 
-17818 8615 
-6572 23037 
5874 12611 
5056 -26375 
-20418 -24929 
-21524 -13387 
-28086 -31301 
-25896 28209 
-30442 -15721 
-29564 -17299 
8354 -3789 
-4880 -19863 
-23314 28047 
-6116 3109 
8698 21419 
27144 17825 
25542 32647 
7860 -25891 
-2478 -29405 
29216 2009 
9630 -10113 
-28596 18581 
-598 32155 
25912 -9967 
19062 22647 
-25372 -2739 
-26622 1299 
-23728 -26295 
12878 -8337 
-23428 -32507 
9562 907 
-29592 10369 
15654 19815 
1812 -13379 
1458 22787 
-32640 26297 
-13570 -32161 
9388 -19083 
-26358 -6789 
-8296 13297 
15318 24151 
23876 7725 
16226 -30477 
2480 28713 
-4178 -16049 
4316 -6683 
22714 9067 
24264 -1183 
18054 -29881 
-24716 -4963 
17682 -27421 
16096 -19047 
-24482 -25537 
26892 4693 
25706 -17061 
2552 32465 
23862 -11209 
-12892 14093 
5826 31955 
8208 14089 
-8946 4911 
11580 15045 
-17382 -19637 
-7896 -16831 
32742 14631 
-6188 -643 
-19342 16579 
-21184 -2951 
-23106 9759 
23916 24373 
24522 1339 
-7080 -17999 
-20842 -17897 
-4604 16365 
7714 -8013 
-6544 -4631 
-1426 -10993 
-1636 32677 
20346 -19669 
5000 28961 
-5818 22279 
-8140 -419 
21458 23715 
-13408 9049 
-9442 8191 
460 -25579 
-29910 -17125 
28344 -7023 
12278 4087 
-16796 14541 
21890 -19309 
23760 -27447 
18382 1775 
30204 -19323 
4826 8971 
-2584 5121 
-32090 -6937 
-30572 -4291 
9010 -6013 
-26112 16953 
16510 -30241 
22060 -14091 
-6518 -6917 
-22248 -143 
-7850 -10793 
16068 8621 
-17182 -1933 
-31952 11177 
-15058 -22321 
-23972 -9883 
1594 747 
-30648 -22815 
19462 -7481 
-7948 -12259 
8850 -7069 
6240 20761 
-10786 25535 
23180 -6699 
29162 31963 
-27784 2641 
-15690 2999 
28452 -1395 
21570 -21421 
22928 -19831 
29326 -17745 
32444 -4539 
10650 21195 
-13656 10689 
17766 20647 
-5804 -24323 
20978 20547 
18112 20473 
-25794 -21089 
3820 -3403 
11594 -31557 
11736 1329 
-11242 -20073 
20356 -15507 
7074 -12237 
-8208 10601 
20462 15503 
2844 -3291 
31994 4779 
-17144 -25439 
28358 11911 
-24140 25053 
-20142 11299 
9504 16089 
-28514 26495 
29516 -4203 
6314 -869 
30776 -4079 
5494 -14473 
-8220 31821 
4866 25619 
5712 -28599 
23886 11887 
18300 -6139 
90 17035 
24424 -127 
-14298 31847 
2580 4797 
16562 30723 
-19584 7609 
-18946 -28321 
-30804 -9099 
13322 -7045 
29336 -13583 
-31018 19799 
8260 9517 
14946 26611 
-848 -6359 
-25938 -28593 
13276 -13083 
-19526 -7573 
-20024 21089 
20870 14919 
8820 -19555 
18 13283 
-3616 -4967 
2910 11071 
19468 -18091 
32618 15451 
7416 -27183 
10294 17207 
4260 -16883 
-28222 -9261 
-27888 11785 
2062 25135 
-12228 -24123 
-26854 -3509 
-19416 -27327 
2790 26663 
-5420 17533 
-4238 24515 
-8128 -21639 
-28482 13599 
-16276 -31179 
-1334 1083 
30552 20657 
-1642 -22249 
-20220 18157 
6434 -16461 
-9872 25833 
-23186 -23537 
7324 26277 
-21894 29227 
26248 -14303 
-3002 1543 
25396 -15011 
3794 -1117 
32416 23129 
17950 -20737 
-6964 17173 
-22998 15387 
-32328 -1135 
-1290 32503 
356 -16435 
-12158 5011 
-12336 -29751 
29390 21999 
6396 7045 
-4646 25099 
-14104 -5375 
3494 5095 
-29804 13885 
24114 1923 
-13056 -1735 
11134 -26401 
-18132 -4107 
-32374 -7173 
15384 -27023 
11350 -15145 
452 10413 
-18462 -10381 
30256 -23895 
28718 30671 
-15012 -16283 
24890 -15893 
-9400 -543 
22278 -28217 
25588 -26851 
-8814 -31901 
-13472 -30695 
16606 -3393 
15756 -29483 
-29462 -1061 
-22920 8529 
-29258 31415 
-19932 -32371 
-12478 2899 
-13168 -22135 
-25202 2479 
8636 21829 
1178 -28213 
-25176 193 
-12186 32679 
-5036 -6147 
-29454 28483 
31168 1785 
-31170 -17249 
29164 6581 
-14262 -31813 
-16168 -25551 
7958 -24425 
4740 -13715 
5794 -20685 
-11536 -24471 
-1298 2959 
11804 -9691 
-10246 -11861 
4104 -3167 
31174 -8825 
9396 10461 
27730 -13533 
-10208 30169 
-1122 -2433 
22092 -26987 
13226 31643 
-29896 1809 
-8074 13943 
8932 845 
-29182 -15597 
-30384 -30903 
-30642 32111 
-5508 20229 
-9382 -32373 
12904 -10623 
21286 -21657 
3348 22973 
31666 -26877 
-6528 -11079 
-24322 -24481 
-5460 885 
-12534 -7301 
1432 25073 
-11818 15447 
-7356 11309 
13666 18163 
-4176 24105 
17838 24399 
22236 -19483 
3770 -24213 
1224 -22175 
23686 -5817 
-23180 31389 
-17646 -11549 
-23328 9113 
30302 -17857 
12044 24661 
-26006 -17573 
12280 -21295 
-3274 -19913 
21412 17677 
3266 15059 
1552 9481 
13070 -20177 
29500 2245 
29210 12619 
-30936 27713 
-27162 -26841 
-4652 -29827 
10866 32451 
4928 25209 
31678 17439 
9068 -21195 
-27190 827 
2648 -6223 
17558 -26601 
29700 19949 
5154 -24909 
-13200 -9239 
20590 29455 
16284 19877 
1402 12587 
-18040 7969 
-186 -19193 
-6604 -29603 
-13870 -25949 
12704 -28327 
-20194 15871 
-14388 -5611 
-16086 -17637 
-27464 4753 
-14858 -4617 
17508 18125 
19330 29331 
17104 -32055 
-25138 -23313 
-17412 -32123 
-14118 -24309 
-25624 -15871 
-26458 17127 
-29036 32061 
-26318 9859 
0 -20423 
5758 -22561 
7212 5877 
7306 -7429 
-12520 11633 
30550 -19497 
-15164 12205 
-19742 -18829 
26928 6569 
6958 18127 
-6052 -22683 
-17350 -32533 
11848 21729 
25094 16583 
-6412 24093 
-26478 8803 
32352 -16615 
-21538 -32321 
8332 13269 
-22550 31451 
-18056 14417 
22710 -5705 
-2780 2189 
19010 27219 
16272 -24439 
-14194 22703 
-15172 -17339 
-8294 -12085 
28840 -10303 
23398 -20825 
-4268 12029 
-14350 -29117 
-21312 -16903 
28990 -13409 
-11028 16565 
25418 -32069 
21464 13105 
27158 -28777 
-10876 -11923 
4514 -29133 
-14864 5993 
-23058 -9585 
20764 -16091 
13050 -28501 
25352 19105 
-31546 -29561 
-22604 -4131 
10066 27171 
-29920 -21287 
26270 -31361 
14668 15765 
20138 -1381 
-25032 7697 
-21642 -23177 
26084 -30131 
2306 8723 
-944 32329 
-19634 -13201 
-29316 -18939 
-18854 -16245 
1384 -21119 
-8666 -9625 
4116 -24387 
-18766 -18941 
6528 -29767 
-29698 -20641 
19884 10869 
27146 -7557 
-26472 -1807 
7382 11095 
-22972 13101 
12386 9715 
-7504 -10967 
-3922 11855 
31196 -25883 
27066 24683 
22472 97 
26502 -26553 
10356 16797 
30226 29155 
22496 23193 
-7842 18751 
4620 1877 
-19094 14939 
17144 -15407 
-16842 8503 
-26972 -13299 
-30782 -26157 
30992 7177 
24078 47 
5692 28613 
19738 28747 
23080 17217 
8422 -14809 
-3884 -11651 
25970 -25149 
17984 6521 
26302 21279 
-31124 -11211 
12490 571 
-25256 32433 
-28778 -30953 
14084 21741 
3874 32179 
-16528 21225 
-1170 16911 
25244 13477 
24698 -4053 
3208 30241 
2630 25607 
26932 21341 
-31534 14755 
-7008 -14247 
7198 -13057 
-21812 -28395 
-9174 14875 
-22600 10641 
-28426 23799 
-30876 -12851 
-14718 -11885 
-18992 31177 
-14130 -3089 
24316 -5755 
-23590 -8181 
28392 -26367 
9126 29159 
-28268 -15299 
-11214 17795 
13056 26425 
382 -18721 
32556 15861 
-18550 -7685 
25112 -15247 
-15786 -23849 
-30780 13997 
-21022 -27277 
23600 -28503 
-14802 5583 
2908 -29083 
5946 16363 
-32440 -21535 
27910 -4153 
27124 9501 
21394 -16029 
12640 -2535 
5854 4287 
908 -9515 
-15638 -1573 
-13192 20305 
9142 22711 
14372 -28787 
-15038 -13997 
-19824 -26743 
-3186 -22609 
26556 9029 
-17766 4043 
17320 -20799 
-6554 -8793 
-3500 30205 
754 -21181 
-8256 29945 
23614 -9569 
14316 26549 
-438 -32325 
-6440 -13775 
-19178 32407 
-26492 -10131 
3234 27955 
-18192 -29079 
20718 -22129 
29724 -22491 
-29190 20395 
-18936 -24159 
-28730 15239 
10932 -18723 
-7598 2339 
15904 -7207 
-11874 5247 
7244 -7019 
27050 31131 
-20168 13585 
30326 5239 
-22300 4429 
-31742 -32493 
28496 30025 
-8626 7023 
12412 7429 
-28326 -117 
-10136 -31615 
26918 2407 
4884 -6211 
-3662 -11005 
19584 17081 
30462 -16801 
-20308 20853 
1290 -7813 
11160 -28687 
26582 6743 
26948 14893 
11106 1267 
-10832 19497 
-25682 -689 
-25380 -32283 
-15174 8043 
-21816 22369 
29318 18247 
-21644 2205 
12562 4323 
2784 -28263 
19550 -10177 
-2804 -20907 
-12182 -18085 
22008 -9519 
-30410 -28617 
-9820 21261 
706 -1837 
-5104 4873 
-30450 20271 
-18116 -10555 
10266 -20661 
11560 6721 
-21530 -2777 
-3116 6525 
-24462 -17213 
31040 -12167 
20926 25119 
-5780 -1227 
-13366 315 
12376 5553 
-9578 30231 
-1532 23533 
2594 23731 
-19856 -13847 
-22930 4367 
-31332 7077 
-17542 -20693 
24456 -13023 
5446 4871 
-5068 6749 
16338 -10077 
-26720 -167 
-30946 23551 
-29236 14357 
-2262 -18149 
-17736 16529 
23542 -13321 
-13724 21709 
16770 12435 
10448 28873 
-3122 17135 
508 20613 
32474 7947 
16872 28673 
-20826 -24345 
-27500 2877 
3890 25731 
26112 7737 
-4994 -14881 
-7636 25845 
21130 -7941 
-2792 23409 
3414 -28201 
19140 15789 
-22302 29811 
20272 1961 
28974 -6961 
11868 30053 
29242 -277 
-11192 737 
30726 -24889 
-4876 -5091 
3730 24675 
-7072 11545 
-32290 -24641 
-6516 -32299 
-8726 30939 
-8328 26193 
-4426 -14409 
31524 5773 
16450 10323 
9616 -29047 
7822 -2385 
2748 -30139 
-27238 20171 
5800 -31295 
29030 3239 
-2732 -17155 
15858 -13245 
4800 11257 
18238 -5729 
-25876 -29003 
-26294 -32581 
31192 24881 
22 28055 
23428 -8339 
1954 19507 
-21520 1385 
-1042 30863 
-26852 -28891 
-5894 3755 
2312 -1887 
-25914 -5497 
-21068 32221 
-25262 -22493 
-3808 6873 
15518 -23681 
-180 -29803 
-31574 -1893 
-15304 19473 
16758 -31881 
-5148 -26547 
-254 -8173 
-7600 27721 
2382 27247 
-11396 -31739 
27738 16011 
-21656 23425 
-3034 14439 
5652 11965 
11442 -3069 
32640 -1607 
25086 -12961 
5036 30837 
-24566 -8069 
-16744 9969 
-19754 2391 
11332 16685 
9826 -7181 
-14160 -15575 
18094 -13233 
-16420 26853 
8122 -8597 
-568 -20895 
32134 -2489 
11892 -12387 
-5102 -20509 
-16928 -14183 
-18594 26431 
-10228 21845 
-5270 14427 
26872 -3631 
21558 -201 
7332 -9715 
32194 22483 
24336 2569 
-19442 -25041 
23612 15813 
794 -4533 
40 -3775 
14054 9255 
-2348 24701 
-9358 -9277 
-21440 -30855 
15550 28959 
19564 8757 
26314 59 
-15528 -21327 
9622 25879 
-17148 25325 
1314 15283 
-23184 16617 
20846 -8177 
-22372 677 
5754 28203 
-19832 9249 
8262 -15865 
28468 -7843 
-1326 30627 
19104 13913 
-3554 -5377 
28876 -8427 
4650 14363 
-12872 22417 
9974 15095 
3428 -9267 
-17278 -28781 
-25648 26569 
7886 -28177 
-23300 -18555 
23002 24075 
5352 18177 
14758 -12313 
-26732 21053 
18994 -31869 
-26368 -10951 
-10370 -11041 
17708 -29707 
-4726 -8197 
-30696 -3471 
22614 -32553 
3524 17581 
-23582 21363 
16944 32425 
7214 -19505 
20828 23653 
-12998 -16917 
10056 23009 
-31994 19911 
28660 -19683 
-13934 -157 
-26784 25625 
-4898 11967 
-13940 10453 
-1814 -2085 
-3464 32081 
-17994 14007 
-16860 -25203 
-17598 -30893 
-26480 -31351 
18830 17839 
-21060 -3771 
28826 -29237 
-5720 23745 
-922 15271 
-1964 1021 
30962 -5309 
17856 -7431 
12862 -1889 
-532 -19019 
13386 32699 
3288 -1999 
19222 23703 
7812 -6547 
674 11059 
-24848 31849 
-22802 18319 
-17892 30245 
17402 -12885 
23560 20385 
-23098 -26233 
12468 17629 
22610 18211 
-23520 20953 
-22626 12927 
-7604 12949 
-24662 30619 
-10440 25361 
3190 -3465 
12004 8013 
31234 16147 
21840 25417 
13390 -18065 
30332 -5371 
18266 32139 
32360 12929 
32550 26471 
6420 30141 
26546 4867 
-19840 -20295 
19710 -9121 
30380 -24715 
15114 -8325 
20888 -16911 
-554 -1961 
-4284 18477 
8546 -15629 
-17488 14889 
-3666 -25777 
-7460 20453 
31418 -25237 
20680 1377 
-30586 -23225 
-20108 -26979 
-22766 20195 
28896 -103 
8798 -2497 
-17652 -939 
1642 -18597 
31736 2257 
7990 28215 
24484 24845 
-1854 -18733 
-11760 265 
-8434 -4817 
-196 -23355 
-8678 11595 
-11480 -14271 
-15898 21287 
-1580 -22659 
5746 -1341 
-8384 15993 
10174 -32737 
-20628 18741 
458 -197 
22104 17329 
28822 21527 
-32764 27117 
34 6835 
-26512 -18455 
-914 -20721 
-13412 -5723 
29050 11563 
1416 31521 
11078 28935 
-3532 -22435 
-18990 5795 
-608 27993 
23838 31231 
21452 -31211 
11562 -18661 
-8008 28305 
-3594 -22025 
20580 25293 
14210 -4461 
3792 24265 
18894 -7953 
18428 7813 
13530 -25333 
-6168 7681 
-15194 -281 
-25964 -26307 
-31438 -23933 
-13312 -29639 
-15746 -7201 
-22484 -19723 
-30582 -8453 
6936 -30351 
-23722 28631 
-12092 19373 
-24862 12915 
13616 -2647 
-14546 -32049 
29788 17253 
10298 31979 
31304 -20255 
-29178 -825 
-3340 31261 
-31598 -24989 
19040 -25831 
22494 -16961 
-21364 -12331 
5098 30427 
1400 -27567 
-31562 -23113 
292 9357 
13890 -6573 
2960 31881 
29838 -27473 
20668 22597 
19354 -13109 
-17240 13249 
-30874 27303 
-1196 19197 
-19470 2627 
30912 -26119 
7486 1951 
24812 -9035 
-12470 32443 
-24616 -28879 
-27114 19351 
-7804 -4755 
-606 2611 
-28176 -3223 
20974 5775 
-8932 23845 
-24838 -29525 
-20728 -22879 
-20282 18567 
-19532 3037 
4946 -6621 
22304 -30503 
4766 -16001 
-15028 -9835 
-17750 -2405 
-5576 31249 
-10378 24951 
29156 -22963 
-2814 -25069 
-14256 23113 
24398 2159 
6524 20997 
8794 -17269 
20840 2433 
2598 -27033 
7188 -17219 
-23886 12803 
-6784 26553 
14334 -5281 
-9812 -14731 
-10742 -8581 
-7016 21745 
18646 -6313 
-19900 20269 
7266 -24077 
-20816 -20183 
-25426 27215 
1500 14053 
-10822 23659 
-23608 23649 
-27770 21575 
13428 23965 
25106 -4637 
9184 13977 
-29346 -31425 
-25076 -23723 
8554 13915 
-28936 8145 
-5578 -8905 
-23900 -6131 
29634 5587 
17680 -2039 
2574 15407 
-24004 3013 
-18150 27723 
-23000 -24767 
19686 -32217 
-812 -4483 
20850 6595 
4672 -2695 
4798 -28897 
4716 28725 
-25398 -453 
-5800 -9551 
-17514 17175 
17156 28909 
-1246 -1613 
-29840 12009 
-22674 32271 
-4452 -12123 
-13190 -5077 
22664 -11743 
13894 8199 
30004 28509 
28882 -19037 
-20320 -23463 
-14306 2303 
14028 11541 
18474 13851 
-3144 -31343 
-17162 6391 
-27804 -5683 
-19838 19859 
-32304 21961 
29902 12271 
-5380 -31355 
4058 -9205 
-17688 -2815 
20390 11751 
-25196 -8131 
-16334 -15997 
-256 17209 
-21122 -3361 
2860 -9739 
9098 -8709 
-20968 8305 
-4522 24279 
-27708 21165 
-26142 4467 
10288 27817 
29230 20943 
-26788 10853 
-31942 15339 
-12984 2017 
-26362 -21561 
30196 16669 
16274 15715 
-672 -11751 
-15650 19647 
-28788 30421 
12010 -2597 
6264 -21679 
20406 5303 
17444 -21619 
-20158 17747 
32400 29577 
-24690 -7249 
-3140 -16571 
9882 3019 
-28760 2753 
4710 -26201 
-428 -28163 
-4366 10563 
-21568 20729 
2110 5791 
-15380 949 
27210 32187 
13016 9777 
-7914 14999 
-23420 -2963 
-1886 -5837 
-31504 27241 
-786 -6769 
28 17445 
-1542 19371 
520 -607 
-17466 -2169 
14004 -11555 
-12718 -31453 
2592 -16423 
32158 20607 
-22452 -32619 
-10838 30107 
-712 -28399 
-23946 -12169 
-19228 11597 
28674 -749 
15184 20809 
-30130 22383 
-17284 -18171 
-678 -1141 
9320 -8063 
-27354 -15001 
7956 957 
-8782 20739 
6272 7865 
8958 -1441 
15532 -4747 
28938 -8837 
30616 -5135 
-27690 -10665 
30020 22061 
5986 -32525 
-24144 10281 
18350 14671 
10460 7653 
12474 7019 
-2360 -19615 
-24954 839 
-18572 9373 
7442 -29469 
-10528 28057 
-1954 5183 
-32500 19029 
15466 -19109 
-24072 14033 
-19146 19511 
-6748 28429 
-4414 29907 
-18416 -4343 
13582 -29905 
17724 29381 
-27622 -21685 
31016 30273 
-10266 -20185 
-44 13693 
-29582 14531 
17728 -21383 
-578 -25057 
30060 -26827 
14282 -709 
31832 29105 
1686 12823 
1540 30701 
-2526 -10061 
32368 -23063 
21102 19727 
4508 -18523 
10106 -21717 
-21624 10529 
16710 -12537 
-1996 13917 
11218 21667 
25504 -9383 
13086 -26625 
6604 -11243 
25386 -19173 
1720 -25455 
-30730 -30729 
-10652 28877 
11650 -21357 
-2864 19657 
-24626 32495 
-29188 -4987 
-5414 6923 
-29208 -13311 
-9562 23783 
-24428 10045 
-1230 -8061 
12800 -1479 
-26498 479 
28204 245 
-16758 -8965 
16664 -18575 
14678 19927 
22212 22957 
-27422 -3981 
6960 -7255 
7470 8399 
-17828 4453 
-8646 -1301 
8264 24289 
-23546 23239 
-1804 2077 
-1390 -9117 
-20384 2329 
11742 -9281 
29324 7637 
18922 29915 
11128 -15791 
6838 -31817 
-30940 12941 
11330 -23469 
-3696 27273 
-13682 12975 
-26948 9797 
410 19147 
25256 -7743 
-25242 -14169 
340 -9987 
10738 18499 
-8512 2041 
-3266 9631 
9964 10933 
1354 31931 
-14888 -17103 
11286 10647 
26500 -1171 
-3166 -14285 
30704 -7831 
-22546 -19313 
8988 11045 
21754 2731 
21768 21665 
-14650 -22905 
-17996 -26147 
-30382 9251 
-17120 -2343 
-5986 -8321 
-29876 10133 
-3926 -2917 
4152 -22511 
28022 16247 
-2076 -19379 
-5374 23571 
-20912 18505 
-19122 -22929 
24444 8197 
-10150 14987 
-2200 -18559 
8230 -2969 
8724 19133 
6322 28675 
19328 -10823 
3582 2399 
-24660 5237 
3082 -9093 
2712 -32015 
-8490 -15017 
14404 23853 
4706 24563 
-27472 -24791 
-3410 2127 
19420 1253 
-29766 -9621 
18888 2657 
-22138 -19897 
14964 -5219 
-10222 11235 
-30240 -23399 
25438 -23745 
25612 -3755 
22378 13403 
-19208 19921 
-32714 -17609 
10404 -2547 
27074 -11309 
11024 -6647 
24590 -9681 
-6084 -9787 
28442 -5557 
19496 19777 
25318 -8153 
724 31869 
-14478 22467 
30784 25465 
-5954 -21217 
-10132 -16843 
-11574 -965 
3928 2225 
20886 8471 
-14076 32493 
-3806 -18509 
29040 7401 
-658 7183 
13468 -24923 
-32134 27179 
-376 -32735 
19526 32263 
31540 -675 
-6446 -3165 
5792 4697 
-25058 9983 
-820 31509 
32298 13339 
6584 -19567 
21238 -2313 
6500 -2099 
-22398 2963 
26576 17353 
-13618 -12817 
12540 21381 
-14886 23051 
24808 -23807 
26022 -29721 
-23660 28221 
13874 -125 
25856 -20167 
-31874 4319 
-11988 10229 
22922 -9221 
-11240 20081 
-31658 15575 
6596 24749 
-28702 -12429 
3632 23209 
-14290 -4145 
-8868 -1947 
14650 -17941 
29512 -18975 
-20730 2503 
31732 -12515 
-19054 31587 
25440 16409 
-26402 27327 
21900 -15147 
25834 -3109 
15992 -9903 
-6730 -3401 
-13788 -18035 
-22718 851 
25744 24969 
-2674 -32337 
14780 -29371 
-9062 -30261 
13736 -18239 
10342 -2137 
1108 8189 
25842 26435 
4544 -16647 
-8642 13471 
-30228 20917 
-24502 31675 
22744 21553 
30486 6295 
10884 621 
-4446 -22733 
27376 22633 
21230 -31857 
17948 4645 
-20486 -13909 
-22520 -21599 
-11834 21895 
15540 24797 
17490 -15581 
28704 11737 
21406 28287 
28236 -12651 
2986 29595 
9016 -16623 
14454 -20873 
15076 15181 
26114 -17645 
8528 16201 
-8114 -2705 
636 -30971 
-19622 31115 
-13720 -29055 
-21722 9063 
9492 -28227 
21426 -28925 
32384 -29511 
-1794 6239 
684 15221 
-22774 -9349 
-25192 6641 
10710 -19369 
-1212 25645 
3426 16115 
-30800 5673 
-25170 -10417 
28380 -5147 
-6470 -26261 
-25400 24929 
-19322 24903 
-17036 -19811 
-27886 -13597 
15584 -9319 
-12706 12863 
18188 -26539 
29290 -19621 
-14344 25809 
19254 10807 
27556 32013 
-6974 13011 
-25072 -8951 
-29938 10543 
-29892 16581 
18970 10571 
7976 9281 
-4634 3879 
1492 -15491 
626 30403 
-21696 6777 
-11330 -17377 
15212 -6859 
28106 -1221 
-23976 -24655 
-25450 4119 
-29692 -31251 
-5086 -26957 
25712 -27671 
-22418 -5361 
22428 -31323 
-8838 10539 
20872 -10463 
22342 11527 
-460 -15267 
-24110 -27997 
-13920 18777 
2334 -18945 
-8244 8725 
-26326 -19685 
11448 -13679 
7670 26103 
23652 32461 
9090 27283 
-9520 15049 
-2610 7407 
-11268 -17787 
-24358 -26357 
13288 31233 
-3930 -17689 
-22892 -19139 
28978 7811 
-26624 26681 
28286 8159 
13356 20213 
-2934 -9477 
26392 -6799 
-12458 11223 
-9020 26541 
-29982 -20877 
304 -11863 
29486 -16689 
92 -8347 
-27590 30955 
-14776 3297 
-17914 -18233 
-268 -27107 
28818 6755 
5728 30489 
990 -1601 
14476 27605 
32746 29403 
20856 -4015 
-20298 25015 
3364 16525 
8770 25171 
-10352 22665 
8334 -12113 
-9028 -3003 
-18534 -14133 
2216 -28735 
-19610 9895 
1876 26365 
-24590 -31165 
17600 30201 
-14018 17311 
-4884 30901 
15178 31419 
-5160 -5327 
-15850 1943 
-4732 2413 
-5726 -31181 
24048 -12439 
-530 21135 
26908 -1755 
2810 -30549 
-1272 673 
-9018 1159 
-16460 10205 
-174 25123 
8992 25817 
-16738 -641 
20812 30101 
9898 -3429 
13880 -10735 
886 7543 
32228 -15795 
-7934 6675 
-27568 13897 
2894 17519 
-23172 -4603 
-29094 -18293 
-25240 25985 
13862 21095 
10260 -10051 
-29006 -20989 
-20096 17337 
-7170 10079 
26028 25205 
16906 -9605 
12440 -20239 
29910 -23721 
-16828 27437 
2146 7667 
31408 -29399 
18606 -22961 
-28196 -11547 
16826 22635 
-4152 -18335 
-16506 4167 
16500 31133 
19986 27107 
-4128 4761 
14686 -16065 
10764 16213 
-29334 12891 
-9480 31697 
5686 -26313 
-20828 1037 
24514 -28205 
4368 -11255 
-18930 30767 
11836 -22587 
9498 26699 
-3544 -1215 
30950 15911 
2260 2685 
15730 -27197 
-8640 -11911 
-16706 -13537 
-24980 3125 
2250 -1477 
13656 14001 
-6250 -233 
20228 -29459 
-6366 30131 
22384 2793 
21358 -17905 
31388 27813 
14458 -6101 
-23416 11809 
25158 -9209 
-32460 -29859 
23762 12707 
31904 -32679 
29726 17663 
-15668 -14059 
-19414 12827 
16312 -7791 
-5898 -11017 
-24732 1485 
-24958 -13933 
19920 12745 
8398 27631 
30460 8581 
31706 -10229 
1768 20737 
31654 -5657 
-22124 -963 
-21454 15747 
-13568 7993 
22910 11999 
-26836 30197 
-28790 -9733 
-1512 31857 
6742 6871 
-24636 28333 
-31262 -29325 
-3024 18601 
7726 -29233 
9052 -14747 
-4294 14315 
6472 25569 
-15098 26567 
-32268 23837 
11154 -18077 
-13984 -20967 
28382 -30529 
7052 4821 
-25878 -3621 
25720 1873 
31670 -12105 
20516 -14451 
-25278 -16045 
19088 20361 
19342 8111 
32700 23365 
-28006 1995 
-9304 26305 
15974 21927 
2644 -20995 
-9486 -23229 
30656 11513 
-19394 21151 
20460 -24651 
-10678 31163 
32472 -32207 
3350 -2409 
-20348 4205 
-7006 25907 
20720 18025 
-22290 8591 
-29668 -8155 
26106 18347 
19976 22945 
-6202 -19577 
17076 -4387 
-17838 291 
-10720 -25639 
10654 -29569 
13388 7317 
16810 29083 
18744 -4847 
-12682 -29577 
-16156 18765 
23554 30995 
1872 11593 
13902 -27793 
18556 21765 
26970 -2165 
28776 15489 
-16090 -32409 
11028 8125 
-13902 -13053 
-7040 -1351 
-12546 13919 
-14164 -30347 
-8950 -9861 
-15464 18417 
-16426 -28073 
-32444 29229 
866 -781 
28080 1065 
-3154 30031 
-19236 -17947 
-25414 5995 
17096 3937 
-13690 -16569 
-15500 16541 
2322 2275 
-23840 18841 
-23458 20543 
3340 -6571 
-22422 -20133 
-4616 -27951 
-7882 2103 
-3676 -29939 
-9534 -3885 
-31728 -13559 
-7922 -14545 
-11972 3781 
26 -22709 
-15064 -11711 
998 27943 
3028 20861 
30834 -19261 
4416 -30599 
-22082 -9697 
364 13109 
-23606 -1733 
-14248 -12879 
12950 -4585 
4612 -27667 
-7646 21683 
19056 -32279 
-402 -30449 
-25188 21413 
-27782 -22741 
-2168 -31455 
27974 -29945 
1076 21085 
6098 -12125 
12192 -18599 
-8418 -11265 
-23092 28693 
-12502 -20197 
21176 -1903 
-19466 17399 
-7580 -29491 
6530 10387 
-16176 10441 
19406 -17681 
6652 -30587 
22234 5899 
-9752 10241 
1702 6375 
-21356 17213 
-6350 23683 
-512 -10695 
17534 15839 
-1492 -25355 
10890 -9989 
-29416 4977 
25942 2519 
25284 30125 
-32542 27763 
-6352 -16471 
-14034 23759 
18012 -21147 
19002 -2325 
27720 -17695 
-12282 5831 
1268 9245 
-6510 22627 
31840 -6887 
-9762 6079 
-372 -17963 
-18966 28891 
30584 7761 
18102 16311 
-27868 20109 
6210 8275 
-17008 18057 
30350 28335 
8892 -15803 
28058 18123 
-20824 15809 
-13978 -31577 
3412 -2819 
5618 -15293 
-21824 -7175 
-24770 24991 
-19732 -14667 
29002 30907 
4568 6449 
22550 -6761 
29572 5997 
-8286 17459 
17392 -17047 
21486 -3953 
-20708 -14555 
-16134 1707 
-24312 -20319 
-3386 25223 
-14924 -18979 
30034 -24541 
-30432 -11559 
-27490 7039 
5964 -15467 
23722 -3941 
23608 1041 
-26250 -1161 
996 -12211 
-10494 -10221 
31312 9289 
24910 -7569 
-5252 -17403 
17498 13963 
17256 4993 
19494 -20377 
11796 26301 
1202 -5117 
6016 -20039 
-17922 17759 
11180 -20363 
30730 -10117 
22168 -8463 
2774 -32425 
17476 31021 
-414 -9229 
24752 31529 
-24914 17487 
-10276 -24347 
-2118 -10645 
-27192 26209 
-10874 28231 
18036 1949 
-15342 -22557 
21984 -32615 
3934 -8385 
-4084 -29355 
-15510 12379 
248 -22063 
-21450 30519 
13476 4621 
21954 20435 
-2288 -15863 
3086 5679 
29756 30149 
-9446 -6581 
-26584 -22207 
-28954 -25561 
3796 -26499 
-19598 -11325 
17472 16249 
-27458 -5857 
25708 23093 
16074 -1989 
23384 25777 
32150 -8937 
-11004 -25875 
-8926 13235 
15728 -1815 
-22162 22543 
-16228 15013 
-4486 26155 
19080 -9183 
30790 14855 
-30924 6493 
-11566 28579 
-7520 -4519 
18974 25343 
-30516 5909 
-5590 12315 
26040 3985 
32502 -19721 
9572 5069 
-27518 -30829 
13264 8137 
30414 2543 
-17156 -4219 
12762 22027 
-21272 -255 
-28250 18407 
-20588 -30147 
8754 31619 
12544 -29383 
12158 19679 
23852 -15371 
-14966 -10245 
8216 -21903 
-20394 -1833 
9668 31917 
31714 19315 
-9680 13993 
29742 11215 
26972 -27547 
-23238 -18965 
-16568 4577 
-9466 -14905 
-30732 -5347 
-24174 -2205 
12128 7193 
17630 -22849 
-7796 24789 
-12054 -4133 
-30088 13649 
4534 -20809 
-10716 -10867 
-27838 32595 
12432 15753 
-24178 -16977 
-14916 10565 
18586 -31285 
-32344 5313 
21606 -19545 
4180 15357 
20722 -7357 
-8768 -25863 
-30146 28831 
5612 -4683 
3146 30651 
-23336 -20431 
-23786 -11113 
13956 7789 
-9566 9011 
14064 13417 
-274 -16497 
-11748 -20955 
7162 -14933 
-3064 1953 
-570 4487 
18612 31965 
12370 16163 
15392 2521 
-98 -21889 
-1460 27285 
30634 28571 
28472 6929 
25718 27255 
18148 22349 
20994 14099 
-4784 6985 
-29618 12655 
-29060 8965 
8026 30091 
5736 -5503 
-10458 -8345 
12564 -21059 
16306 2819 
19072 26809 
-23298 21599 
-29012 -10379 
4874 -10373 
-5736 30193 
21974 28759 
1860 -32723 
-1694 -17677 
21424 -3543 
18862 4943 
-1316 -30747 
21178 -27285 
-5944 -17055 
-8058 7495 
-13964 -12643 
32530 18147 
2272 -18535 
31326 28223 
-11508 13397 
-8598 -20645 
5112 -16175 
30518 -6601 
30628 -26355 
-12094 -20781 
27152 -18167 
14094 25903 
5948 -9019 
-18918 9547 
27432 -32703 
6630 -13529 
4564 -8323 
-4494 -3389 
30528 -2439 
32702 -2017 
-14484 -32459 
-9782 -2245 
-4520 -1103 
-14186 -13289 
-26620 -24083 
-10206 4787 
12400 28649 
21614 9999 
-7268 8613 
18810 9515 
-25208 13089 
-31930 -5881 
2612 -8099 
-29230 3747 
-27232 9561 
-19170 -3585 
27596 -16875 
1322 -20709 
30904 9873 
18934 8695 
26724 -25907 
3970 -6509 
-22832 5833 
-24114 22767 
24572 22149 
3290 -27381 
32744 -10751 
7334 30439 
-19820 -11971 
23858 -25981 
25600 17465 
6782 23519 
-16340 -5387 
24714 -10501 
-19688 16753 
-1194 -6185 
-5948 -31827 
30434 10867 
-13008 -21079 
7982 -1329 
-29604 31589 
58 29931 
4680 26849 
-6650 29895 
2804 -19939 
23698 -27037 
-7584 21273 
-20514 13759 
-15220 2005 
-5142 28379 
-25224 19537 
-9034 7607 
6436 23693 
3650 -8621 
-23664 13449 
-13170 3247 
26812 -28603 
9114 -15157 
21672 -5183 
-8346 -7513 
4948 -32003 
-29710 579 
4288 20985 
30014 32671 
30956 5301 
-22710 30395 
14296 18225 
-4586 -15465 
-1660 9581 
-10846 563 
10736 -21655 
-22034 -29041 
-2788 -27355 
30458 -31573 
18184 24225 
2246 -16249 
-13388 17373 
-5294 -8669 
-4320 16601 
27294 14719 
-8884 4501 
-27990 -4453 
-32200 12817 
12150 -9865 
-30236 -8627 
-13054 -27117 
24656 4681 
-18610 -32657 
12668 -30203 
-1446 -19317 
-5784 -15999 
25126 3687 
13332 -2883 
31410 10755 
32128 8121 
-28674 25439 
-3668 -395 
-20982 -10629 
31896 3313 
-24362 24407 
-13756 -30931 
-2974 -26125 
18096 26921 
-2898 -7601 
7644 28389 
-21062 21611 
15304 5217 
-5242 -13241 
19572 -27235 
14866 -6685 
-17440 -4455 
-6818 -705 
-18932 -9387 
-1686 11867 
9976 -10287 
16950 21815 
-17756 8205 
19394 3539 
-8944 -20471 
25102 -19409 
-17860 17349 
-28390 25675 
15912 22337 
-23322 -1497 
5332 9853 
10610 4547 
-21952 -21127 
27326 1823 
10860 -22475 
29898 -2501 
-32424 -27983 
5014 -17641 
23300 -22291 
-11486 -3661 
9072 -6423 
-146 -2545 
1692 2213 
-23430 -7125 
-3960 -30175 
-29114 -26617 
-29388 -22691 
18642 -21085 
18592 23641 
8222 -32513 
20172 25877 
8234 11803 
-29768 15761 
5366 -28425 
-21660 8653 
-30078 17811 
6608 3529 
-13106 -22545 
764 -17019 
-6182 -11253 
21224 -21247 
-22618 -23065 
-19052 6205 
-26574 -18045 
-26880 -1223 
1406 27359 
9004 4597 
-1142 -10757 
17944 -10127 
18006 -10537 
-21564 -30035 
29154 2419 
-16336 9385 
-13778 -13873 
-20644 25189 
23354 13291 
25928 -16415 
-3834 9159 
-29196 31005 
6034 13667 
-27296 -30183 
6878 -15169 
-22644 -20779 
1770 -4645 
-20360 25425 
-22602 -29513 
23588 -7283 
-30398 15699 
5776 11145 
-2162 23471 
3004 -2235 
-358 971 
10152 -15679 
27238 4519 
5716 -13827 
-14606 8515 
17344 2297 
24638 -29025 
-9236 15285 
16970 30139 
-13608 -8655 
14614 -19817 
-17276 11373 
-12126 -7885 
7408 8809 
21742 23951 
6172 31781 
-11782 17323 
-26104 -19039 
5062 28551 
20148 2781 
-22958 32035 
-24032 30681 
-10850 -14209 
-16308 -18283 
-21078 28059 
-27336 18705 
-1418 18551 
-13084 25933 
18434 -2797 
-11440 2377 
-7602 -12433 
-11140 -3835 
-10918 -3189 
-17304 -26495 
-4826 15719 
14100 15293 
-19022 18691 
-20352 -10567 
31486 29279 
21676 9589 
18698 -10885 
3992 -23567 
-5162 20055 
-29372 -29139 
-4254 30963 
14768 -8151 
-24658 -20145 
16604 21989 
2234 4971 
-28984 27489 
-2426 31559 
-12428 23709 
-2798 -31517 
28384 9625 
20574 -29633 
-26356 -32171 
5226 -21157 
14840 -4399 
3382 -15305 
-604 -22771 
-14654 27859 
20496 -22775 
-29426 815 
23868 -21819 
27674 -23733 
4392 11841 
12262 10535 
6100 28029 
25714 12483 
-8896 25721 
21950 5663 
-29332 -12491 
4042 -2757 
5208 10673 
24214 -21993 
7684 -20499 
-12766 -12109 
5744 24041 
-21906 -15089 
10652 -4187 
-134 -23765 
17288 -7903 
-26298 18183 
4148 28253 
978 19619 
-1120 -27815 
-29922 4095 
12748 3093 
15146 -21221 
-24904 21649 
-8202 -9 
-4508 -22323 
1410 -23405 
-29488 1225 
-2098 -2321 
-23044 9349 
-15654 4875 
9704 -31743 
12966 -11033 
-18284 24381 
-11470 -10109 
-13824 -19911 
-3970 31199 
-31188 14581 
-26998 -11013 
-9960 28529 
-28330 -14889 
28356 -28243 
27874 -6029 
-19664 -25687 
29998 -26417 
-11684 18789 
-18886 -3349 
-18360 5857 
-1018 -11577 
4340 16413 
-11630 -11165 
18528 -16103 
-31266 21439 
-30068 21973 
8682 27867 
-15496 31313 
29366 -1097 
-24796 27277 
1090 -25517 
-30320 8841 
8846 -21841 
-20804 24133 
-9830 17099 
-1368 -26175 
-2714 16551 
6484 4349 
498 16451 
30400 -16391 
19262 -25185 
16108 25269 
-8886 29883 
24024 30001 
-31722 -24169 
32644 13165 
-13406 -16333 
4080 -26263 
-18 11407 
15132 25381 
11514 683 
-4856 3233 
7878 7815 
-11852 -11811 
24914 7203 
21792 -20775 
16542 22399 
-23732 24469 
-14166 -4965 
-22472 24593 
-14986 -18569 
4068 -5043 
-15614 21523 
18000 73 
3406 7791 
30588 22533 
-20390 12939 
-28824 28545 
30758 27751 
14868 -32067 
-3918 26627 
-7296 -29255 
26110 -32417 
-18516 19573 
-7158 -11141 
-23912 15089 
14038 15703 
20548 -27347 
-5534 22515 
11440 22313 
19118 -32689 
25564 15589 
25530 -11669 
-7736 -15775 
390 10823 
21108 9117 
-20462 9187 
8672 23705 
-17570 6975 
31756 10581 
12138 11355 
19704 1489 
-10186 13111 
16548 11789 
16834 -13357 
-15600 -25079 
-18418 21039 
60 4549 
18202 -7605 
-7128 1345 
-17690 22567 
6868 -19331 
-24718 20419 
4160 7033 
16574 9503 
-3988 -2507 
-21814 -3013 
-22696 -16207 
-22122 -26345 
-7932 -18707 
-14046 -20557 
2416 -11031 
21870 -27633 
19612 -10587 
23162 25131 
-27000 14369 
-23482 -2553 
-27852 13661 
-16686 -5213 
-20832 -13735 
-2530 -24833 
5324 -19691 
22058 11291 
-20040 27537 
-21770 28407 
12644 12237 
-32638 915 
-48 -1079 
8910 17903 
18684 -29819 
-25126 21003 
-1816 23297 
-16986 999 
-17516 -22979 
3634 -2173 
-768 26937 
-9346 -30497 
-5844 24565 
12682 -11269 
27672 1649 
-9130 -19241 
12740 -26451 
26594 -14477 
-22992 4777 
8238 26575 
-2724 12389 
4410 -19989 
2888 28129 
1798 -32313 
-27660 1821 
-29294 29539 
-1184 -2023 
-3874 -7489 
28044 -811 
15594 -5157 
-10632 -28335 
15798 27319 
-7644 -3699 
32578 -1197 
-880 6537 
19854 -1617 
20924 -15035 
-19302 -32309 
-12888 28865 
-32666 28583 
7252 22525 
15602 24387 
-22080 30457 
13886 -21345 
-24084 -30283 
30794 29627 
-3880 3121 
-12522 -28521 
17028 14957 
-14686 -24781 
752 4201 
-21778 -1137 
24092 18981 
-30726 -15957 
16392 25505 
10694 -12921 
21684 -26403 
7250 -17629 
2080 -6695 
-21602 -6529 
-31156 1685 
-7254 27547 
-17608 30481 
-28554 9847 
21220 29517 
15874 -19693 
-18096 -2231 
14414 28015 
6780 -16635 
-29862 29067 
25192 18049 
806 -25753 
15636 -13891 
11186 -30973 
5760 17593 
20734 -28577 
6828 29557 
32522 -11397 
13720 -11791 
-32298 11351 
4932 -25555 
-6814 14067 
8112 -12759 
-2642 20303 
-31012 9189 
-16710 -28309 
13512 6497 
3206 -9913 
-10892 -5475 
27410 -15645 
-11040 -27751 
9822 -21953 
24332 -12203 
19050 -21669 
24568 7377 
-23754 -24009 
-31836 -19187 
-17214 10963 
13840 -27383 
-7410 -24273 
-23748 30917 
8730 8523 
-18648 -9151 
17894 -30937 
7636 -1155 
-9614 28355 
17216 -11655 
11198 13343 
21356 7477 
17866 -3269 
14936 22449 
-2922 -30697 
-23548 -16915 
-15326 -29005 
-912 19433 
110 25359 
28572 -16987 
-19078 8491 
-5752 -28895 
-20666 -23289 
5684 -931 
31186 -30045 
24992 345 
24862 11775 
-2100 23061 
28970 -21733 
-15176 -32111 
30198 -8713 
29796 -18739 
-1150 25235 
29392 -3383 
19918 -27409 
-5124 -3451 
30938 -28405 
-13336 12801 
18598 13031 
-16748 -4803 
18738 5763 
12288 8249 
-14722 -26657 
19500 -30987 
-13174 -11525 
-232 -25231 
10070 -23593 
-2876 -24659 
25314 -22925 
-26320 -30295 
-13522 14031 
6236 5989 
27706 28907 
24136 -15135 
4614 12487 
5876 -12771 
18578 4707 
-20896 12057 
23518 29119 
20620 -23595 
22506 27355 
-5768 -22447 
2230 -9801 
9508 30861 
-1470 23123 
28560 4233 
30862 18607 
-2884 11333 
-28774 -16181 
-24408 18369 
2918 -24921 
8020 -24835 
30706 32323 
-9024 11769 
8510 -17505 
1260 -20299 
4938 29371 
-31784 -23759 
6678 32663 
1412 16749 
-15966 32307 
-2576 -30871 
21998 -13681 
-32484 12581 
-7430 -32597 
-27896 -17759 
13510 31879 
-10316 24541 
-10414 23075 
-17632 7385 
5790 30079 
26956 -21099 
-342 -5477 
-12744 -29167 
23414 -27273 
-27164 -1459 
-18174 4627 
11344 -4535 
25422 -17297 
-17028 9733 
26202 -20341 
13672 7553 
-29146 -13721 
16404 4285 
26290 -23037 
18816 -1095 
15358 -24737 
32172 -25995 
6666 -11653 
-14184 26865 
-13098 6999 
-10684 -23763 
-8094 5619 
4784 17705 
-24402 7759 
-22052 2789 
6586 20587 
-30776 28769 
6022 -30649 
22644 -20067 
9746 25059 
-30752 -13671 
-28322 14655 
16908 30549 
25962 10843 
29432 13265 
28214 4407 
-14684 15373 
14274 -30253 
-22256 -29687 
3598 -4049 
17980 -8251 
-742 24651 
-30168 -19647 
-12058 -18905 
8404 17021 
5490 -29245 
30272 -30343 
5822 17183 
-18836 17461 
-7990 -3525 
-12968 -4431 
16278 30487 
26372 -15123 
-16606 28083 
-4240 -15639 
-21650 12815 
-28004 -23387 
4218 -8149 
15496 -6623 
-17850 21511 
-26316 -15523 
13522 10659 
5280 14425 
-13282 -17153 
-9524 277 
-29654 10779 
-10312 -26223 
16630 19703 
-18588 15821 
30338 -15981 
-6704 -5687 
30926 -7185 
-28932 22917 
21466 -12277 
-24856 2305 
-11354 25063 
-15980 13373 
-31694 13699 
25344 -10439 
-20098 -22817 
-20692 -21003 
26506 -11781 
-28136 13425 
29270 -27945 
-18492 -22867 
24034 -31373 
-29648 169 
30254 1487 
15196 -411 
-14534 12267 
-20152 7137 
7430 -8249 
-26124 -27363 
914 -20125 
24928 26137 
-14626 191 
13196 19157 
29418 -5669 
-904 -16559 
-11338 18615 
26660 -115 
30018 -18093 
-7536 1929 
-23666 -26705 
-26692 -27835 
27290 -53 
29608 7873 
-27034 -12889 
8788 -6659 
-19726 -25277 
4032 -6919 
3134 -13665 
26604 -10315 
-20918 29115 
5848 14897 
25878 28311 
-14204 18541 
-17246 23859 
-5904 -407 
238 -26225 
-23524 6181 
15866 16299 
-6648 4513 
16326 11143 
23220 9949 
-28078 -1757 
28192 21465 
-32354 1151 
19532 21653 
6570 27035 
-7880 -23279 
9846 1143 
-10012 -32435 
13314 28947 
-24752 -6839 
-29106 2927 
24700 -29435 
16730 -4213 
2152 -2943 
6438 -1689 
17172 22461 
-24142 -15101 
31872 -19783 
9982 -20897 
-8020 -16011 
-19190 -11909 
23448 -15 
6102 2647 
-26300 -21971 
-9374 -2829 
1456 -17367 
19374 -4785 
-13092 -3611 
29882 3947 
-9528 -14495 
8838 14151 
-9356 30877 
-7918 227 
15072 409 
-930 -14273 
9484 7765 
-32662 -22181 
-31240 19153 
14646 -32713 
2468 -15603 
-19774 -5933 
7184 -31991 
14606 16175 
-5828 18117 
-10214 -24757 
23848 -30143 
23526 -6873 
9172 -30339 
20594 -21309 
-22208 16505 
446 21023 
6508 27445 
31690 -3781 
24664 -31311 
-30058 26135 
10756 -13331 
-17886 19635 
-7568 14825 
22126 271 
-19044 -29787 
27514 -24789 
-28792 15649 
-15034 775 
7220 -30115 
-4142 -14173 
-14432 28505 
14110 19455 
-16948 -22507 
-22742 -22245 
-5448 -20335 
3062 -17417 
-1436 -15155 
-3710 8339 
22736 -7991 
-23602 13039 
12796 -16251 
11994 3851 
29160 -8191 
