-20423 5758 
-22561 7212 
5877 7306 
-7429 -12520 
11633 30550 
-19497 -15164 
12205 -19742 
-18829 26928 
6569 6958 
18127 -6052 
-22683 -17350 
-32533 11848 
21729 25094 
16583 -6412 
24093 -26478 
8803 32352 
-16615 -21538 
-32321 8332 
13269 -22550 
31451 -18056 
14417 22710 
-5705 -2780 
2189 19010 
27219 16272 
-24439 -14194 
22703 -15172 
-17339 -8294 
-12085 28840 
-10303 23398 
-20825 -4268 
12029 -14350 
-29117 -21312 
-16903 28990 
-13409 -11028 
16565 25418 
-32069 21464 
13105 27158 
-28777 -10876 
-11923 4514 
-29133 -14864 
5993 -23058 
-9585 20764 
-16091 13050 
-28501 25352 
19105 -31546 
-29561 -22604 
-4131 10066 
27171 -29920 
-21287 26270 
-31361 14668 
15765 20138 
-1381 -25032 
7697 -21642 
-23177 26084 
-30131 2306 
8723 -944 
32329 -19634 
-13201 -29316 
-18939 -18854 
-16245 1384 
-21119 -8666 
-9625 4116 
-24387 -18766 
-18941 6528 
-29767 -29698 
-20641 19884 
10869 27146 
-7557 -26472 
-1807 7382 
11095 -22972 
13101 12386 
9715 -7504 
-10967 -3922 
11855 31196 
-25883 27066 
24683 22472 
97 26502 
-26553 10356 
16797 30226 
29155 22496 
23193 -7842 
18751 4620 
1877 -19094 
14939 17144 
-15407 -16842 
8503 -26972 
-13299 -30782 
-26157 30992 
7177 24078 
47 5692 
28613 19738 
28747 23080 
17217 8422 
-14809 -3884 
-11651 25970 
-25149 17984 
6521 26302 
21279 -31124 
-11211 12490 
571 -25256 
32433 -28778 
-30953 14084 
21741 3874 
32179 -16528 
21225 -1170 
16911 25244 
13477 24698 
-4053 3208 
30241 2630 
25607 26932 
21341 -31534 
14755 -7008 
-14247 7198 
-13057 -21812 
-28395 -9174 
14875 -22600 
10641 -28426 
23799 -30876 
-12851 -14718 
-11885 -18992 
31177 -14130 
-3089 24316 
-5755 -23590 
-8181 28392 
-26367 9126 
29159 -28268 
-15299 -11214 
17795 13056 
26425 382 
-18721 32556 
15861 -18550 
-7685 25112 
-15247 -15786 
-23849 -30780 
13997 -21022 
-27277 23600 
-28503 -14802 
5583 2908 
-29083 5946 
16363 -32440 
-21535 27910 
-4153 27124 
9501 21394 
-16029 12640 
-2535 5854 
4287 908 
-9515 -15638 
-1573 -13192 
20305 9142 
22711 14372 
-28787 -15038 
-13997 -19824 
-26743 -3186 
-22609 26556 
9029 -17766 
4043 17320 
-20799 -6554 
-8793 -3500 
30205 754 
-21181 -8256 
29945 23614 
-9569 14316 
26549 -438 
-32325 -6440 
-13775 -19178 
32407 -26492 
-10131 3234 
27955 -18192 
-29079 20718 
-22129 29724 
-22491 -29190 
20395 -18936 
-24159 -28730 
15239 10932 
-18723 -7598 
2339 15904 
-7207 -11874 
5247 7244 
-7019 27050 
31131 -20168 
13585 30326 
5239 -22300 
4429 -31742 
-32493 28496 
30025 -8626 
7023 12412 
7429 -28326 
-117 -10136 
-31615 26918 
2407 4884 
-6211 -3662 
-11005 19584 
17081 30462 
-16801 -20308 
20853 1290 
-7813 11160 
-28687 26582 
6743 26948 
14893 11106 
1267 -10832 
19497 -25682 
-689 -25380 
-32283 -15174 
8043 -21816 
22369 29318 
18247 -21644 
2205 12562 
4323 2784 
-28263 19550 
-10177 -2804 
-20907 -12182 
-18085 22008 
-9519 -30410 
-28617 -9820 
21261 706 
-1837 -5104 
4873 -30450 
20271 -18116 
-10555 10266 
-20661 11560 
6721 -21530 
-2777 -3116 
6525 -24462 
-17213 31040 
-12167 20926 
25119 -5780 
-1227 -13366 
315 12376 
5553 -9578 
30231 -1532 
23533 2594 
23731 -19856 
-13847 -22930 
4367 -31332 
7077 -17542 
-20693 24456 
-13023 5446 
4871 -5068 
6749 16338 
-10077 -26720 
-167 -30946 
23551 -29236 
14357 -2262 
-18149 -17736 
16529 23542 
-13321 -13724 
21709 16770 
12435 10448 
28873 -3122 
17135 508 
20613 32474 
7947 16872 
28673 -20826 
-24345 -27500 
2877 3890 
25731 26112 
