0 0
0 0
0 0
0 0
0 0
0 0
0 0
0 0
0 0
0 0
0 0
0 0
0 0
0 0
0 0
0 -346 
-20249 25748 
-25795 24370 
29827 13824 
-20935 15486 
-10785 -19924 
-2827 -23926 
-3845 -15080 
-5263 23894 
-24105 6852 
-12883 -1822 
-31629 7984 
-26711 -16082 
-2865 -420 
1381 -15814 
3819 -23480 
-27935 -14330 
-20793 -17164 
31773 24210 
28771 -19360 
-17127 -11810 
-20545 -18804 
4565 11754 
-30501 -20616 
-2479 16054 
-10313 19236 
-22899 -28606 
14419 -2672 
7817 28302 
1711 -9540 
6725 -6758 
24267 -6488 
5569 -16026 
7335 -15020 
19709 -29198 
-9149 -7488 
-17415 -26818 
-1633 27372 
7861 -5814 
-28485 18904 
-3791 20502 
32151 11140 
28525 22434 
23603 31728 
-27287 19438 
-30577 26396 
7973 14586 
7851 -9976 
-30559 -5434 
-1401 32180 
3549 -4782 
-18397 -16096 
-21799 -29538 
-19585 -12468 
7061 -11094 
2203 -27592 
-9199 -28298 
-27785 -17436 
10317 20226 
-4077 -19888 
-951 22862 
31343 -23684 
5125 -17318 
20107 31592 
-5247 0 
0 0
0 0
0 0
0 0
0 0
0 0
0 0
0 0
0 0
0 0
0 0
0 0
0 0
0 0
0 0
0 0
0 0
0 0
0 0
0 0
0 0
0 0
0 0
0 0
0 0
0 0
0 0
0 0
0 0
0 0
0 0
0 17446 
18535 -6636 
-16707 31922 
1027 20352 
-30279 -19970 
-8865 -7252 
2165 -4086 
-3973 -29032 
-18703 726 
6487 -956 
-11987 30306 
-3085 -26448 
21289 -26962 
-9137 -28708 
-1819 28602 
-4501 -12856 
15969 -12922 
1607 -396 
24477 15378 
-16413 -29216 
22681 1886 
30527 -22516 
-6827 15210 
18523 14584 
-32303 -23498 
3895 -4956 
27149 -12862 
26579 12048 
-26103 1038 
-20945 11324 
-12859 21274 
-437 -12248 
-32447 -31002 
13351 -14636 
-3971 11122 
-5181 31808 
6009 -29506 
-32481 7276 
-19915 -18742 
4155 -27816 
15537 30102 
29975 -29436 
-3347 21794 
19379 30064 
-12055 -24210 
-4081 30876 
-27995 26234 
32299 -32120 
-19423 28742 
-11769 16180 
29021 19154 
-30813 6816 
-14759 16926 
-1281 16588 
28437 25130 
18459 -25160 
-6255 30454 
19191 -8860 
27597 3202 
-24685 27600 
-2103 28366 
-24081 29948 
18309 -22054 
28171 -6936 
-10495 0 
0 0
0 0
0 0
0 0
0 0
0 0
0 0
0 0
0 0
0 0
0 0
0 0
0 0
0 0
0 0
0 0
0 0
0 0
0 0
0 0
0 0
0 0
0 0
0 0
0 0
0 0
0 0
0 0
0 0
0 0
0 0
0 -30298 
-8217 26516 
-7619 -26062 
-27773 26880 
25913 10110 
-6945 5420 
7157 15754 
-4101 22552 
-32143 -22442 
-28457 -8764 
-11091 -3102 
25459 4656 
3753 27694 
-15409 8540 
-5019 7482 
-12821 -2232 
-5663 -11514 
24007 16372 
17181 6546 
3939 26464 
-3047 15582 
16063 -26228 
-18219 18666 
2011 -15752 
3409 2486 
18103 -29148 
11661 2882 
-26797 26768 
5513 -26226 
21935 32188 
-32443 -16230 
-25141 -18008 
-4927 19558 
19367 -14252 
-27651 -14094 
-1213 5568 
29433 -32194 
2207 -12820 
17845 -31670 
-28741 -9000 
-30671 -25834 
27799 -4476 
30317 21154 
15155 28400 
3177 -2322 
22415 -30180 
1573 -27654 
-8789 11272 
-8287 -2618 
-22137 180 
-11043 -22446 
22307 29728 
-7719 -2146 
17023 -19892 
-15723 -4182 
-30821 -22728 
-3311 23670 
631 -284 
-20659 -13822 
20243 9552 
-3255 -31666 
-13969 18044 
31493 -26790 
-29301 20072 
-15743 0 
0 0
0 0
0 0
0 0
0 0
0 0
0 0
0 0
0 0
0 0
0 0
0 0
0 0
0 0
0 0
0 0
0 0
0 0
0 0
0 0
0 0
0 0
0 0
0 0
0 0
0 0
0 0
0 0
0 0
0 0
0 0
0 -12506 
30567 -5868 
1469 -18510 
8963 -32128 
16569 -25346 
-5025 18092 
12149 -29942 
-4229 8600 
19953 19926 
2135 -16572 
-10195 29026 
-11533 -29776 
-13783 16814 
-21681 -19748 
-8219 -13638 
-21141 8392 
-27295 -10106 
-19129 -32396 
9885 -2286 
24291 16608 
-28775 29278 
1599 -29940 
-29611 22122 
-14501 19448 
-26415 28470 
32311 12196 
-3827 18626 
-14637 -24048 
-28407 12046 
-721 -12484 
13509 11802 
15691 -23768 
22593 4582 
25383 -13868 
14205 26226 
2755 -20672 
-12679 30654 
-28641 32620 
-9931 20938 
3899 9816 
-11343 -16234 
25623 20484 
-1555 20514 
10931 26736 
18409 19566 
-16625 -25700 
31141 -16006 
15659 -10872 
2849 31558 
-32505 -15820 
14429 1490 
9891 -12896 
-679 -21218 
-30209 9164 
5653 32042 
-14565 -20296 
-367 16886 
-17929 8292 
-3379 -30846 
-365 -8496 
-4407 -26162 
-3857 6140 
-20859 -31526 
-21237 -18456 
-20991 0 
0 0
0 0
0 0
0 0
0 0
0 0
0 0
0 0
0 0
0 0
0 0
0 0
0 0
0 0
0 0
0 0
0 0
0 0
0 0
0 0
0 0
0 0
0 0
0 0
0 0
0 0
0 0
0 0
0 0
0 0
0 0
0 5286 
3815 27284 
10557 -10958 
-19837 -25600 
7225 4734 
-3105 30764 
17141 -10102 
-4357 -5352 
6513 -3242 
32727 -24380 
-9299 -4382 
17011 1328 
-31319 5934 
-27953 17500 
-11419 30778 
-29461 19016 
16609 -8698 
3271 -15628 
2589 -11118 
-20893 6752 
11033 -22562 
-12865 31884 
24533 25578 
-31013 -10888 
9297 -11082 
-19017 -11996 
-19315 -31166 
-2477 -9328 
3209 -15218 
-23377 8380 
-6075 -25702 
-9013 -29528 
-15423 -10394 
31399 -13484 
-9475 1010 
6723 18624 
10745 27966 
6047 12524 
27829 8010 
-28997 28632 
7985 -6634 
23447 -20092 
32109 19874 
6707 25072 
-31895 -24082 
9871 -21220 
-4827 -4358 
-25429 32520 
13985 198 
22663 -31820 
-25635 25426 
-2525 10016 
6361 25246 
-11905 -27316 
27029 2730 
1691 -17864 
2577 10102 
29047 16868 
13901 17666 
-20973 -26544 
-5559 -20658 
6255 -5764 
-7675 29274 
-13173 8552 
-26239 0 
0 0
0 0
0 0
0 0
0 0
0 0
0 0
0 0
0 0
0 0
0 0
0 0
0 0
0 0
0 0
0 0
0 0
0 0
0 0
0 0
0 0
0 0
0 0
0 0
0 0
0 0
0 0
0 0
0 0
0 0
0 0
0 23078 
-22937 -5100 
19645 -3406 
16899 -19072 
-2119 -30722 
-1185 -22100 
22133 9738 
-4485 -19304 
-6927 -26410 
-2217 -32188 
-8403 27746 
-19981 32432 
16681 -4946 
31311 -10788 
-14619 9658 
27755 29640 
-5023 -7290 
25671 1140 
-4707 -19950 
-541 -3104 
-14695 -8866 
-27329 28172 
13141 29034 
18011 24312 
-20527 14902 
-4809 29348 
30733 -15422 
9683 5392 
-30711 23054 
19503 29244 
-25659 2330 
31819 30248 
12097 -25370 
-28121 -13100 
32381 -24206 
10691 -7616 
-31367 25278 
-24801 -7572 
53 -4918 
3643 -18088 
27313 2966 
21271 4868 
237 19234 
2483 23408 
-16663 -2194 
-29169 -16740 
24741 7290 
-981 10376 
25121 -31162 
12295 17716 
-163 -16174 
-14941 -32608 
13401 6174 
6399 1740 
-17131 -26582 
17947 -15432 
5521 3318 
10487 25444 
31181 642 
23955 20944 
-6711 -15154 
16367 -17668 
5509 24538 
-5109 -29976 
-31487 0 
0 0
0 0
0 0
0 0
0 0
0 0
0 0
0 0
0 0
0 0
0 0
0 0
0 0
0 0
0 0
0 0
0 0
0 0
0 0
0 0
0 0
0 0
0 0
0 0
0 0
0 0
0 0
0 0
0 0
0 0
0 0
0 -24666 
15847 28052 
28733 4146 
-11901 -12544 
-11463 -642 
735 -9428 
27125 29578 
-4613 32280 
-20367 15958 
28375 25540 
-7507 -5662 
8563 -2000 
-855 -15826 
25039 26460 
-17819 -11462 
19435 -25272 
-26655 -5882 
-17465 17908 
-12003 -28782 
19811 -12960 
25113 4830 
23743 24460 
1749 32490 
1499 -6024 
15185 -24650 
9399 5156 
15245 322 
21843 20112 
905 -4210 
-3153 -15428 
20293 30362 
7115 24488 
-25919 25190 
-22105 -12716 
8701 16114 
14659 31680 
-7943 22590 
9887 -27668 
-27723 -17846 
-29253 728 
-18895 12566 
19095 29828 
-31635 18594 
-1741 21744 
-1431 19694 
-2673 -12260 
-11227 18938 
23467 -11768 
-29279 3014 
1927 1716 
25309 7762 
-27357 -9696 
20441 -12898 
24703 30796 
4245 9642 
-31333 -13000 
8465 -3466 
-8073 -31516 
-17075 -16382 
3347 2896 
-7863 -9650 
26479 -29572 
18693 19802 
2955 -2968 
28801 0 
0 0
0 0
0 0
0 0
0 0
0 0
0 0
0 0
0 0
0 0
0 0
0 0
0 0
0 0
0 0
0 0
0 0
0 0
0 0
0 0
0 0
0 0
0 0
0 0
0 0
0 0
0 0
0 0
0 0
0 0
0 0
0 -6874 
-10905 -4332 
-27715 11698 
24835 -6016 
-20807 29438 
2655 3244 
32117 -16118 
-4741 18328 
31729 -7210 
-6569 17732 
-6611 26466 
-28429 29104 
-18391 -26706 
18767 -1828 
-21019 -32582 
11115 -14648 
17249 -4474 
4935 -30860 
-19299 27922 
-25373 -22816 
-615 18526 
9279 20748 
-9643 -29590 
-15013 29176 
-14639 1334 
23607 -19036 
-243 16066 
-31533 -30704 
32521 -31474 
-25809 5436 
709 -7142 
-17589 18728 
1601 10214 
-16089 -12332 
-14979 -9102 
18627 5440 
15481 19902 
-20961 17772 
10037 -30774 
3387 19544 
433 22166 
16919 -10748 
2029 17954 
-5965 20080 
13801 -23954 
23823 -7780 
18341 30586 
-17621 31624 
-18143 -28346 
-8441 -14284 
-14755 31698 
25763 13216 
27481 -31970 
-22529 -5684 
25621 -19670 
-15077 -10568 
11409 -10250 
-26633 -22940 
205 32130 
-17261 -15152 
-9015 -4146 
-28945 24060 
31877 15066 
11019 24040 
23553 0 
0 0
0 0
0 0
0 0
0 0
0 0
0 0
0 0
0 0
0 0
0 0
0 0
0 0
0 0
0 0
0 0
