-20423 5758 
11633 30550 
6569 6958 
21729 25094 
-16615 -21538 
14417 22710 
-24439 -14194 
-10303 23398 
-16903 28990 
13105 27158 
5993 -23058 
19105 -31546 
-21287 26270 
7697 -21642 
32329 -19634 
-21119 -8666 
-29767 -29698 
-1807 7382 
-10967 -3922 
97 26502 
23193 -7842 
-15407 -16842 
7177 24078 
17217 8422 
6521 26302 
32433 -28778 
21225 -1170 
30241 2630 
-14247 7198 
10641 -28426 
31177 -14130 
-26367 9126 
26425 382 
-15247 -15786 
-28503 -14802 
-21535 27910 
-2535 5854 
20305 9142 
-26743 -3186 
-20799 -6554 
29945 23614 
-13775 -19178 
-29079 20718 
-24159 -28730 
-7207 -11874 
13585 30326 
30025 -8626 
-31615 26918 
17081 30462 
-28687 26582 
19497 -25682 
22369 29318 
-28263 19550 
-9519 -30410 
4873 -30450 
6721 -21530 
-12167 20926 
5553 -9578 
-13847 -22930 
-13023 5446 
-167 -30946 
16529 23542 
28873 -3122 
28673 -20826 
7737 -4994 
23409 3414 
1961 28974 
737 30726 
11545 -32290 
26193 -4426 
-29047 7822 
-31295 29030 
11257 18238 
24881 22 
1385 -1042 
-1887 -25914 
6873 15518 
19473 16758 
27721 2382 
23425 -3034 
-1607 25086 
9969 -19754 
-15575 18094 
-20895 32134 
-14183 -18594 
-3631 21558 
2569 -19442 
-3775 14054 
-30855 15550 
-21327 9622 
16617 20846 
9249 8262 
13913 -3554 
22417 9974 
26569 7886 
18177 14758 
-10951 -10370 
-3471 22614 
32425 7214 
23009 -31994 
25625 -4898 
32081 -17994 
-31351 18830 
23745 -922 
-7431 12862 
-1999 19222 
31849 -22802 
20385 -23098 
20953 -22626 
25361 3190 
25417 13390 
12929 32550 
-20295 19710 
-16911 -554 
14889 -3666 
1377 -30586 
-103 8798 
2257 7990 
265 -8434 
-14271 -15898 
15993 10174 
17329 28822 
-18455 -914 
31521 11078 
27993 23838 
28305 -3594 
24265 18894 
7681 -15194 
-29639 -15746 
-30351 -23722 
-2647 -14546 
-20255 -29178 
-25831 22494 
-27567 -31562 
31881 29838 
13249 -30874 
-26119 7486 
-28879 -27114 
-3223 20974 
-22879 -20282 
-30503 4766 
31249 -10378 
23113 24398 
2433 2598 
26553 14334 
21745 18646 
-20183 -25426 
23649 -27770 
13977 -29346 
8145 -5578 
-2039 2574 
-24767 19686 
-2695 4798 
-9551 -17514 
12009 -22674 
-11743 13894 
-23463 -14306 
-31343 -17162 
21961 29902 
-2815 20390 
17209 -21122 
8305 -4522 
27817 29230 
2017 -26362 
-11751 -15650 
-21679 20406 
29577 -24690 
2753 4710 
20729 2110 
9777 -7914 
27241 -786 
-607 -17466 
-16423 32158 
-28399 -23946 
20809 -30130 
-8063 -27354 
7865 8958 
-5135 -27690 
10281 18350 
-19615 -24954 
28057 -1954 
14033 -19146 
-4343 13582 
30273 -10266 
-21383 -578 
29105 1686 
-23063 21102 
10529 16710 
-9383 13086 
-25455 -30730 
19657 -24626 
-13311 -9562 
-1479 -26498 
-18575 14678 
-7255 7470 
24289 -23546 
2329 11742 
-15791 6838 
27273 -13682 
-7743 -25242 
2041 -3266 
-17103 11286 
-7831 -22546 
21665 -14650 
-2343 -5986 
-22511 28022 
18505 -19122 
-18559 8230 
-10823 3582 
-32015 -8490 
-24791 -3410 
2657 -22138 
-23399 25438 
19921 -32714 
-6647 24590 
19777 25318 
25465 -5954 
2225 20886 
7401 -658 
-32735 19526 
4697 -25058 
-19567 21238 
17353 -13618 
-23807 26022 
-20167 -31874 
20081 -31658 
23209 -14290 
-18975 -20730 
16409 -26402 
-9903 -6730 
24969 -2674 
-18239 10342 
-16647 -8642 
21553 30486 
22633 21230 
-21599 -11834 
11737 21406 
-16623 14454 
16201 -8114 
-29055 -21722 
-29511 -1794 
6641 10710 
5673 -25170 
24929 -19322 
-9319 -12706 
25809 19254 
-8951 -29938 
9281 -4634 
6777 -11330 
-24655 -25450 
-27671 -22418 
-10463 22342 
18777 2334 
-13679 7670 
15049 -2610 
31233 -3930 
