-20423 5758 
-22561 7212 
5877 7306 
-7429 -12520 
11633 30550 
-19497 -15164 
12205 -19742 
-18829 26928 
6569 6958 
18127 -6052 
-22683 -17350 
-32533 11848 
21729 25094 
16583 -6412 
24093 -26478 
8803 32352 
-16615 -21538 
-32321 8332 
13269 -22550 
31451 -18056 
14417 22710 
-5705 -2780 
2189 19010 
27219 16272 
-24439 -14194 
22703 -15172 
-17339 -8294 
-12085 28840 
-10303 23398 
-20825 -4268 
12029 -14350 
-29117 -21312 
-16903 28990 
-13409 -11028 
16565 25418 
-32069 21464 
13105 27158 
-28777 -10876 
-11923 4514 
-29133 -14864 
5993 -23058 
-9585 20764 
-16091 13050 
-28501 25352 
19105 -31546 
-29561 -22604 
-4131 10066 
27171 -29920 
-21287 26270 
-31361 14668 
15765 20138 
-1381 -25032 
7697 -21642 
-23177 26084 
-30131 2306 
8723 -944 
32329 -19634 
-13201 -29316 
-18939 -18854 
-16245 1384 
-21119 -8666 
-9625 4116 
-24387 -18766 
-18941 6528 
-29767 -29698 
-20641 19884 
10869 27146 
-7557 -26472 
-1807 7382 
11095 -22972 
13101 12386 
9715 -7504 
-10967 -3922 
11855 31196 
-25883 27066 
24683 22472 
97 26502 
-26553 10356 
16797 30226 
29155 22496 
23193 -7842 
18751 4620 
1877 -19094 
14939 17144 
-15407 -16842 
8503 -26972 
-13299 -30782 
-26157 30992 
7177 24078 
47 5692 
28613 19738 
28747 23080 
17217 8422 
-14809 -3884 
-11651 25970 
-25149 17984 
6521 26302 
21279 -31124 
-11211 12490 
571 -25256 
32433 -28778 
-30953 14084 
21741 3874 
32179 -16528 
21225 -1170 
16911 25244 
13477 24698 
-4053 3208 
30241 2630 
25607 26932 
21341 -31534 
14755 -7008 
-14247 7198 
-13057 -21812 
-28395 -9174 
14875 -22600 
10641 -28426 
23799 -30876 
-12851 -14718 
-11885 -18992 
31177 -14130 
-3089 24316 
-5755 -23590 
-8181 28392 
-26367 9126 
29159 -28268 
-15299 -11214 
17795 13056 
26425 382 
-18721 32556 
15861 -18550 
-7685 25112 
-15247 -15786 
-23849 -30780 
13997 -21022 
-27277 23600 
-28503 -14802 
5583 2908 
-29083 5946 
16363 -32440 
-21535 27910 
-4153 27124 
9501 21394 
-16029 12640 
-2535 5854 
4287 908 
-9515 -15638 
-1573 -13192 
20305 9142 
22711 14372 
-28787 -15038 
-13997 -19824 
-26743 -3186 
-22609 26556 
9029 -17766 
4043 17320 
-20799 -6554 
-8793 -3500 
30205 754 
-21181 -8256 
29945 23614 
-9569 14316 
26549 -438 
-32325 -6440 
-13775 -19178 
32407 -26492 
-10131 3234 
27955 -18192 
-29079 20718 
-22129 29724 
-22491 -29190 
20395 -18936 
-24159 -28730 
15239 10932 
-18723 -7598 
2339 15904 
-7207 -11874 
5247 7244 
-7019 27050 
31131 -20168 
13585 30326 
5239 -22300 
4429 -31742 
-32493 28496 
30025 -8626 
7023 12412 
7429 -28326 
-117 -10136 
-31615 26918 
2407 4884 
-6211 -3662 
-11005 19584 
17081 30462 
-16801 -20308 
20853 1290 
-7813 11160 
-28687 26582 
6743 26948 
14893 11106 
1267 -10832 
19497 -25682 
-689 -25380 
-32283 -15174 
8043 -21816 
22369 29318 
18247 -21644 
2205 12562 
4323 2784 
-28263 19550 
-10177 -2804 
-20907 -12182 
-18085 22008 
-9519 -30410 
-28617 -9820 
21261 706 
-1837 -5104 
4873 -30450 
20271 -18116 
-10555 10266 
-20661 11560 
6721 -21530 
-2777 -3116 
6525 -24462 
-17213 31040 
-12167 20926 
25119 -5780 
-1227 -13366 
315 12376 
5553 -9578 
30231 -1532 
23533 2594 
23731 -19856 
-13847 -22930 
4367 -31332 
7077 -17542 
-20693 24456 
-13023 5446 
4871 -5068 
6749 16338 
-10077 -26720 
-167 -30946 
23551 -29236 
14357 -2262 
-18149 -17736 
16529 23542 
-13321 -13724 
21709 16770 
12435 10448 
28873 -3122 
17135 508 
20613 32474 
7947 16872 
28673 -20826 
-24345 -27500 
2877 3890 
25731 26112 
7737 -4994 
-14881 -7636 
25845 21130 
-7941 -2792 
23409 3414 
-28201 19140 
15789 -22302 
29811 20272 
1961 28974 
-6961 11868 
30053 29242 
-277 -11192 
737 30726 
-24889 -4876 
-5091 3730 
24675 -7072 
11545 -32290 
-24641 -6516 
-32299 -8726 
30939 -8328 
26193 -4426 
-14409 31524 
5773 16450 
10323 9616 
-29047 7822 
-2385 2748 
-30139 -27238 
20171 5800 
-31295 29030 
3239 -2732 
-17155 15858 
-13245 4800 
11257 18238 
-5729 -25876 
-29003 -26294 
-32581 31192 
24881 22 
28055 23428 
-8339 1954 
19507 -21520 
1385 -1042 
30863 -26852 
-28891 -5894 
3755 2312 
-1887 -25914 
-5497 -21068 
32221 -25262 
-22493 -3808 
6873 15518 
-23681 -180 
-29803 -31574 
-1893 -15304 
19473 16758 
-31881 -5148 
-26547 -254 
-8173 -7600 
27721 2382 
27247 -11396 
-31739 27738 
16011 -21656 
23425 -3034 
14439 5652 
11965 11442 
-3069 32640 
-1607 25086 
-12961 5036 
30837 -24566 
-8069 -16744 
9969 -19754 
2391 11332 
16685 9826 
-7181 -14160 
-15575 18094 
-13233 -16420 
26853 8122 
-8597 -568 
-20895 32134 
-2489 11892 
-12387 -5102 
-20509 -16928 
-14183 -18594 
26431 -10228 
21845 -5270 
14427 26872 
-3631 21558 
-201 7332 
-9715 32194 
22483 24336 
2569 -19442 
-25041 23612 
15813 794 
-4533 40 
-3775 14054 
9255 -2348 
24701 -9358 
-9277 -21440 
-30855 15550 
28959 19564 
8757 26314 
59 -15528 
-21327 9622 
25879 -17148 
25325 1314 
15283 -23184 
16617 20846 
-8177 -22372 
677 5754 
28203 -19832 
9249 8262 
-15865 28468 
-7843 -1326 
30627 19104 
13913 -3554 
-5377 28876 
-8427 4650 
14363 -12872 
22417 9974 
15095 3428 
-9267 -17278 
-28781 -25648 
26569 7886 
-28177 -23300 
-18555 23002 
24075 5352 
18177 14758 
-12313 -26732 
21053 18994 
-31869 -26368 
-10951 -10370 
-11041 17708 
-29707 -4726 
-8197 -30696 
-3471 22614 
-32553 3524 
17581 -23582 
21363 16944 
32425 7214 
-19505 20828 
23653 -12998 
-16917 10056 
23009 -31994 
19911 28660 
-19683 -13934 
-157 -26784 
25625 -4898 
11967 -13940 
10453 -1814 
-2085 -3464 
32081 -17994 
14007 -16860 
-25203 -17598 
-30893 -26480 
-31351 18830 
17839 -21060 
-3771 28826 
-29237 -5720 
23745 -922 
15271 -1964 
1021 30962 
-5309 17856 
-7431 12862 
-1889 -532 
-19019 13386 
32699 3288 
-1999 19222 
23703 7812 
-6547 674 
11059 -24848 
31849 -22802 
18319 -17892 
30245 17402 
-12885 23560 
20385 -23098 
-26233 12468 
17629 22610 
18211 -23520 
20953 -22626 
12927 -7604 
12949 -24662 
30619 -10440 
25361 3190 
-3465 12004 
8013 31234 
16147 21840 
25417 13390 
-18065 30332 
-5371 18266 
32139 32360 
12929 32550 
26471 6420 
30141 26546 
4867 -19840 
-20295 19710 
-9121 30380 
-24715 15114 
-8325 20888 
-16911 -554 
-1961 -4284 
18477 8546 
-15629 -17488 
14889 -3666 
-25777 -7460 
20453 31418 
-25237 20680 
1377 -30586 
-23225 -20108 
-26979 -22766 
20195 28896 
-103 8798 
-2497 -17652 
-939 1642 
-18597 31736 
2257 7990 
28215 24484 
24845 -1854 
-18733 -11760 
265 -8434 
-4817 -196 
-23355 -8678 
11595 -11480 
-14271 -15898 
21287 -1580 
-22659 5746 
-1341 -8384 
15993 10174 
-32737 -20628 
18741 458 
-197 22104 
17329 28822 
21527 -32764 
27117 34 
6835 -26512 
-18455 -914 
-20721 -13412 
-5723 29050 
11563 1416 
31521 11078 
28935 -3532 
-22435 -18990 
5795 -608 
27993 23838 
31231 21452 
-31211 11562 
-18661 -8008 
28305 -3594 
-22025 20580 
25293 14210 
-4461 3792 
24265 18894 
-7953 18428 
7813 13530 
-25333 -6168 
7681 -15194 
-281 -25964 
-26307 -31438 
-23933 -13312 
-29639 -15746 
-7201 -22484 
-19723 -30582 
-8453 6936 
-30351 -23722 
28631 -12092 
19373 -24862 
12915 13616 
-2647 -14546 
-32049 29788 
17253 10298 
31979 31304 
-20255 -29178 
-825 -3340 
31261 -31598 
-24989 19040 
-25831 22494 
-16961 -21364 
-12331 5098 
30427 1400 
-27567 -31562 
-23113 292 
9357 13890 
-6573 2960 
31881 29838 
-27473 20668 
22597 19354 
-13109 -17240 
13249 -30874 
27303 -1196 
19197 -19470 
2627 30912 
-26119 7486 
1951 24812 
-9035 -12470 
32443 -24616 
-28879 -27114 
19351 -7804 
-4755 -606 
2611 -28176 
-3223 20974 
5775 -8932 
23845 -24838 
-29525 -20728 
-22879 -20282 
18567 -19532 
3037 4946 
-6621 22304 
-30503 4766 
-16001 -15028 
-9835 -17750 
-2405 -5576 
31249 -10378 
24951 29156 
-22963 -2814 
-25069 -14256 
23113 24398 
2159 6524 
20997 8794 
-17269 20840 
2433 2598 
-27033 7188 
-17219 -23886 
12803 -6784 
26553 14334 
-5281 -9812 
-14731 -10742 
-8581 -7016 
21745 18646 
-6313 -19900 
20269 7266 
-24077 -20816 
-20183 -25426 
27215 1500 
14053 -10822 
23659 -23608 
23649 -27770 
21575 13428 
23965 25106 
-4637 9184 
13977 -29346 
-31425 -25076 
-23723 8554 
13915 -28936 
8145 -5578 
-8905 -23900 
-6131 29634 
5587 17680 
-2039 2574 
15407 -24004 
3013 -18150 
27723 -23000 
-24767 19686 
-32217 -812 
-4483 20850 
6595 4672 
-2695 4798 
-28897 4716 
28725 -25398 
-453 -5800 
-9551 -17514 
17175 17156 
28909 -1246 
-1613 -29840 
12009 -22674 
32271 -4452 
-12123 -13190 
-5077 22664 
-11743 13894 
8199 30004 
28509 28882 
-19037 -20320 
-23463 -14306 
2303 14028 
11541 18474 
13851 -3144 
-31343 -17162 
6391 -27804 
-5683 -19838 
19859 -32304 
21961 29902 
12271 -5380 
-31355 4058 
-9205 -17688 
-2815 20390 
11751 -25196 
-8131 -16334 
-15997 -256 
17209 -21122 
-3361 2860 
-9739 9098 
-8709 -20968 
8305 -4522 
24279 -27708 
21165 -26142 
4467 10288 
27817 29230 
20943 -26788 
10853 -31942 
15339 -12984 
2017 -26362 
-21561 30196 
16669 16274 
15715 -672 
-11751 -15650 
19647 -28788 
30421 12010 
-2597 6264 
-21679 20406 
5303 17444 
-21619 -20158 
17747 32400 
29577 -24690 
-7249 -3140 
-16571 9882 
3019 -28760 
2753 4710 
-26201 -428 
-28163 -4366 
10563 -21568 
20729 2110 
5791 -15380 
949 27210 
32187 13016 
9777 -7914 
14999 -23420 
-2963 -1886 
-5837 -31504 
27241 -786 
-6769 28 
17445 -1542 
19371 520 
-607 -17466 
-2169 14004 
-11555 -12718 
-31453 2592 
-16423 32158 
20607 -22452 
-32619 -10838 
30107 -712 
-28399 -23946 
-12169 -19228 
11597 28674 
-749 15184 
20809 -30130 
22383 -17284 
-18171 -678 
-1141 9320 
-8063 -27354 
-15001 7956 
957 -8782 
20739 6272 
7865 8958 
-1441 15532 
-4747 28938 
-8837 30616 
-5135 -27690 
-10665 30020 
22061 5986 
-32525 -24144 
10281 18350 
14671 10460 
7653 12474 
7019 -2360 
-19615 -24954 
839 -18572 
9373 7442 
-29469 -10528 
28057 -1954 
5183 -32500 
19029 15466 
-19109 -24072 
14033 -19146 
19511 -6748 
28429 -4414 
29907 -18416 
-4343 13582 
-29905 17724 
29381 -27622 
-21685 31016 
30273 -10266 
-20185 -44 
13693 -29582 
14531 17728 
-21383 -578 
-25057 30060 
-26827 14282 
-709 31832 
29105 1686 
12823 1540 
30701 -2526 
-10061 32368 
-23063 21102 
19727 4508 
-18523 10106 
-21717 -21624 
10529 16710 
-12537 -1996 
13917 11218 
21667 25504 
-9383 13086 
-26625 6604 
-11243 25386 
-19173 1720 
-25455 -30730 
-30729 -10652 
28877 11650 
-21357 -2864 
19657 -24626 
32495 -29188 
-4987 -5414 
6923 -29208 
-13311 -9562 
23783 -24428 
10045 -1230 
-8061 12800 
-1479 -26498 
479 28204 
245 -16758 
-8965 16664 
-18575 14678 
19927 22212 
22957 -27422 
-3981 6960 
-7255 7470 
8399 -17828 
4453 -8646 
-1301 8264 
24289 -23546 
23239 -1804 
2077 -1390 
-9117 -20384 
2329 11742 
-9281 29324 
7637 18922 
29915 11128 
-15791 6838 
-31817 -30940 
12941 11330 
-23469 -3696 
27273 -13682 
12975 -26948 
9797 410 
19147 25256 
-7743 -25242 
-14169 340 
-9987 10738 
18499 -8512 
2041 -3266 
9631 9964 
10933 1354 
31931 -14888 
-17103 11286 
10647 26500 
-1171 -3166 
-14285 30704 
-7831 -22546 
-19313 8988 
11045 21754 
2731 21768 
21665 -14650 
-22905 -17996 
-26147 -30382 
9251 -17120 
-2343 -5986 
-8321 -29876 
10133 -3926 
-2917 4152 
-22511 28022 
16247 -2076 
-19379 -5374 
23571 -20912 
18505 -19122 
-22929 24444 
8197 -10150 
14987 -2200 
-18559 8230 
-2969 8724 
19133 6322 
28675 19328 
-10823 3582 
2399 -24660 
5237 3082 
-9093 2712 
-32015 -8490 
-15017 14404 
23853 4706 
24563 -27472 
-24791 -3410 
2127 19420 
1253 -29766 
-9621 18888 
2657 -22138 
-19897 14964 
-5219 -10222 
11235 -30240 
-23399 25438 
-23745 25612 
-3755 22378 
13403 -19208 
19921 -32714 
-17609 10404 
-2547 27074 
-11309 11024 
-6647 24590 
-9681 -6084 
-9787 28442 
-5557 19496 
19777 25318 
-8153 724 
31869 -14478 
22467 30784 
25465 -5954 
-21217 -10132 
-16843 -11574 
-965 3928 
2225 20886 
8471 -14076 
32493 -3806 
-18509 29040 
7401 -658 
7183 13468 
-24923 -32134 
27179 -376 
-32735 19526 
32263 31540 
-675 -6446 
-3165 5792 
4697 -25058 
9983 -820 
31509 32298 
13339 6584 
-19567 21238 
-2313 6500 
-2099 -22398 
2963 26576 
17353 -13618 
-12817 12540 
21381 -14886 
23051 24808 
-23807 26022 
-29721 -23660 
28221 13874 
-125 25856 
-20167 -31874 
4319 -11988 
10229 22922 
-9221 -11240 
20081 -31658 
15575 6596 
24749 -28702 
-12429 3632 
23209 -14290 
-4145 -8868 
-1947 14650 
-17941 29512 
-18975 -20730 
2503 31732 
-12515 -19054 
31587 25440 
16409 -26402 
27327 21900 
-15147 25834 
-3109 15992 
-9903 -6730 
-3401 -13788 
-18035 -22718 
851 25744 
24969 -2674 
-32337 14780 
-29371 -9062 
-30261 13736 
-18239 10342 
-2137 1108 
8189 25842 
26435 4544 
-16647 -8642 
13471 -30228 
20917 -24502 
31675 22744 
21553 30486 
6295 10884 
621 -4446 
-22733 27376 
22633 21230 
-31857 17948 
4645 -20486 
-13909 -22520 
-21599 -11834 
21895 15540 
24797 17490 
-15581 28704 
11737 21406 
28287 28236 
-12651 2986 
29595 9016 
-16623 14454 
-20873 15076 
15181 26114 
-17645 8528 
16201 -8114 
-2705 636 
-30971 -19622 
31115 -13720 
-29055 -21722 
9063 9492 
-28227 21426 
-28925 32384 
-29511 -1794 
6239 684 
15221 -22774 
-9349 -25192 
6641 10710 
-19369 -1212 
25645 3426 
16115 -30800 
5673 -25170 
-10417 28380 
-5147 -6470 
-26261 -25400 
24929 -19322 
24903 -17036 
-19811 -27886 
-13597 15584 
-9319 -12706 
12863 18188 
-26539 29290 
-19621 -14344 
25809 19254 
10807 27556 
32013 -6974 
13011 -25072 
-8951 -29938 
10543 -29892 
16581 18970 
10571 7976 
9281 -4634 
3879 1492 
-15491 626 
30403 -21696 
6777 -11330 
-17377 15212 
-6859 28106 
-1221 -23976 
-24655 -25450 
4119 -29692 
-31251 -5086 
-26957 25712 
-27671 -22418 
-5361 22428 
-31323 -8838 
10539 20872 
-10463 22342 
11527 -460 
-15267 -24110 
-27997 -13920 
18777 2334 
-18945 -8244 
8725 -26326 
-19685 11448 
-13679 7670 
26103 23652 
32461 9090 
27283 -9520 
15049 -2610 
7407 -11268 
-17787 -24358 
-26357 13288 
31233 -3930 
-17689 -22892 
-19139 28978 
7811 -26624 
26681 28286 
8159 13356 
20213 -2934 
-9477 26392 
-6799 -12458 
11223 -9020 
26541 -29982 
-20877 304 
-11863 29486 
-16689 92 
-8347 -27590 
30955 -14776 
3297 -17914 
-18233 -268 
-27107 28818 
6755 5728 
30489 990 
-1601 14476 
27605 32746 
29403 20856 
-4015 -20298 
25015 3364 
16525 8770 
25171 -10352 
22665 8334 
-12113 -9028 
-3003 -18534 
-14133 2216 
-28735 -19610 
9895 1876 
26365 -24590 
-31165 17600 
30201 -14018 
17311 -4884 
30901 15178 
31419 -5160 
-5327 -15850 
1943 -4732 
2413 -5726 
-31181 24048 
-12439 -530 
21135 26908 
-1755 2810 
-30549 -1272 
673 -9018 
1159 -16460 
10205 -174 
25123 8992 
25817 -16738 
-641 20812 
30101 9898 
-3429 13880 
-10735 886 
7543 32228 
-15795 -7934 
6675 -27568 
13897 2894 
17519 -23172 
-4603 -29094 
-18293 -25240 
25985 13862 
21095 10260 
-10051 -29006 
-20989 -20096 
17337 -7170 
10079 26028 
25205 16906 
-9605 12440 
-20239 29910 
-23721 -16828 
27437 2146 
7667 31408 
-29399 18606 
-22961 -28196 
-11547 16826 
22635 -4152 
-18335 -16506 
4167 16500 
31133 19986 
27107 -4128 
4761 14686 
-16065 10764 
16213 -29334 
12891 -9480 
31697 5686 
-26313 -20828 
1037 24514 
-28205 4368 
-11255 -18930 
30767 11836 
-22587 9498 
26699 -3544 
-1215 30950 
15911 2260 
2685 15730 
-27197 -8640 
-11911 -16706 
-13537 -24980 
3125 2250 
-1477 13656 
14001 -6250 
-233 20228 
-29459 -6366 
30131 22384 
2793 21358 
-17905 31388 
27813 14458 
-6101 -23416 
11809 25158 
-9209 -32460 
-29859 23762 
12707 31904 
-32679 29726 
17663 -15668 
-14059 -19414 
12827 16312 
-7791 -5898 
-11017 -24732 
1485 -24958 
-13933 19920 
12745 8398 
27631 30460 
8581 31706 
-10229 1768 
20737 31654 
-5657 -22124 
-963 -21454 
15747 -13568 
7993 22910 
11999 -26836 
30197 -28790 
-9733 -1512 
31857 6742 
6871 -24636 
28333 -31262 
-29325 -3024 
18601 7726 
-29233 9052 
-14747 -4294 
14315 6472 
25569 -15098 
26567 -32268 
23837 11154 
-18077 -13984 
-20967 28382 
-30529 7052 
4821 -25878 
-3621 25720 
1873 31670 
-12105 20516 
-14451 -25278 
-16045 19088 
20361 19342 
8111 32700 
23365 -28006 
1995 -9304 
26305 15974 
21927 2644 
-20995 -9486 
-23229 30656 
11513 -19394 
21151 20460 
-24651 -10678 
31163 32472 
-32207 3350 
-2409 -20348 
4205 -7006 
25907 20720 
18025 -22290 
8591 -29668 
-8155 26106 
18347 19976 
22945 -6202 
-19577 17076 
-4387 -17838 
291 -10720 
-25639 10654 
-29569 13388 
7317 16810 
29083 18744 
-4847 -12682 
-29577 -16156 
18765 23554 
30995 1872 
11593 13902 
-27793 18556 
21765 26970 
-2165 28776 
15489 -16090 
-32409 11028 
8125 -13902 
-13053 -7040 
-1351 -12546 
13919 -14164 
-30347 -8950 
-9861 -15464 
18417 -16426 
-28073 -32444 
29229 866 
-781 28080 
1065 -3154 
30031 -19236 
-17947 -25414 
5995 17096 
3937 -13690 
-16569 -15500 
16541 2322 
2275 -23840 
18841 -23458 
20543 3340 
-6571 -22422 
-20133 -4616 
-27951 -7882 
2103 -3676 
-29939 -9534 
-3885 -31728 
-13559 -7922 
-14545 -11972 
3781 26 
-22709 -15064 
-11711 998 
27943 3028 
20861 30834 
-19261 4416 
-30599 -22082 
-9697 364 
13109 -23606 
-1733 -14248 
-12879 12950 
-4585 4612 
-27667 -7646 
21683 19056 
-32279 -402 
-30449 -25188 
21413 -27782 
-22741 -2168 
-31455 27974 
-29945 1076 
21085 6098 
-12125 12192 
-18599 -8418 
-11265 -23092 
28693 -12502 
-20197 21176 
-1903 -19466 
17399 -7580 
-29491 6530 
10387 -16176 
10441 19406 
-17681 6652 
-30587 22234 
5899 -9752 
10241 1702 
6375 -21356 
17213 -6350 
23683 -512 
-10695 17534 
15839 -1492 
-25355 10890 
-9989 -29416 
4977 25942 
2519 25284 
30125 -32542 
27763 -6352 
-16471 -14034 
23759 18012 
-21147 19002 
-2325 27720 
-17695 -12282 
5831 1268 
9245 -6510 
22627 31840 
-6887 -9762 
6079 -372 
-17963 -18966 
28891 30584 
7761 18102 
16311 -27868 
20109 6210 
8275 -17008 
18057 30350 
28335 8892 
-15803 28058 
18123 -20824 
15809 -13978 
-31577 3412 
-2819 5618 
-15293 -21824 
-7175 -24770 
24991 -19732 
-14667 29002 
30907 4568 
6449 22550 
-6761 29572 
5997 -8286 
17459 17392 
-17047 21486 
-3953 -20708 
-14555 -16134 
1707 -24312 
-20319 -3386 
25223 -14924 
-18979 30034 
-24541 -30432 
-11559 -27490 
7039 5964 
-15467 23722 
-3941 23608 
1041 -26250 
-1161 996 
-12211 -10494 
-10221 31312 
9289 24910 
-7569 -5252 
-17403 17498 
13963 17256 
4993 19494 
-20377 11796 
26301 1202 
-5117 6016 
-20039 -17922 
17759 11180 
-20363 30730 
-10117 22168 
-8463 2774 
-32425 17476 
31021 -414 
-9229 24752 
31529 -24914 
17487 -10276 
-24347 -2118 
-10645 -27192 
26209 -10874 
28231 18036 
1949 -15342 
-22557 21984 
-32615 3934 
-8385 -4084 
-29355 -15510 
12379 248 
-22063 -21450 
30519 13476 
4621 21954 
20435 -2288 
-15863 3086 
5679 29756 
30149 -9446 
-6581 -26584 
-22207 -28954 
-25561 3796 
-26499 -19598 
-11325 17472 
16249 -27458 
-5857 25708 
23093 16074 
-1989 23384 
25777 32150 
-8937 -11004 
-25875 -8926 
13235 15728 
-1815 -22162 
22543 -16228 
15013 -4486 
26155 19080 
-9183 30790 
14855 -30924 
6493 -11566 
28579 -7520 
-4519 18974 
25343 -30516 
5909 -5590 
12315 26040 
3985 32502 
-19721 9572 
5069 -27518 
-30829 13264 
8137 30414 
2543 -17156 
-4219 12762 
22027 -21272 
-255 -28250 
18407 -20588 
-30147 8754 
31619 12544 
-29383 12158 
19679 23852 
-15371 -14966 
-10245 8216 
-21903 -20394 
-1833 9668 
31917 31714 
19315 -9680 
13993 29742 
11215 26972 
-27547 -23238 
-18965 -16568 
4577 -9466 
-14905 -30732 
-5347 -24174 
-2205 12128 
7193 17630 
-22849 -7796 
24789 -12054 
-4133 -30088 
13649 4534 
-20809 -10716 
-10867 -27838 
32595 12432 
15753 -24178 
-16977 -14916 
10565 18586 
-31285 -32344 
5313 21606 
-19545 4180 
15357 20722 
-7357 -8768 
-25863 -30146 
28831 5612 
-4683 3146 
30651 -23336 
-20431 -23786 
-11113 13956 
7789 -9566 
9011 14064 
13417 -274 
-16497 -11748 
-20955 7162 
-14933 -3064 
1953 -570 
4487 18612 
31965 12370 
16163 15392 
2521 -98 
-21889 -1460 
27285 30634 
28571 28472 
6929 25718 
27255 18148 
22349 20994 
14099 -4784 
6985 -29618 
12655 -29060 
8965 8026 
30091 5736 
-5503 -10458 
-8345 12564 
-21059 16306 
2819 19072 
26809 -23298 
21599 -29012 
-10379 4874 
-10373 -5736 
30193 21974 
28759 1860 
-32723 -1694 
-17677 21424 
-3543 18862 
4943 -1316 
-30747 21178 
-27285 -5944 
-17055 -8058 
7495 -13964 
-12643 32530 
18147 2272 
-18535 31326 
28223 -11508 
13397 -8598 
-20645 5112 
-16175 30518 
-6601 30628 
-26355 -12094 
-20781 27152 
-18167 14094 
25903 5948 
-9019 -18918 
9547 27432 
-32703 6630 
-13529 4564 
-8323 -4494 
-3389 30528 
-2439 32702 
-2017 -14484 
-32459 -9782 
-2245 -4520 
-1103 -14186 
-13289 -26620 
-24083 -10206 
4787 12400 
28649 21614 
9999 -7268 
8613 18810 
9515 -25208 
13089 -31930 
-5881 2612 
-8099 -29230 
3747 -27232 
9561 -19170 
-3585 27596 
-16875 1322 
-20709 30904 
9873 18934 
8695 26724 
-25907 3970 
-6509 -22832 
5833 -24114 
22767 24572 
22149 3290 
-27381 32744 
-10751 7334 
30439 -19820 
-11971 23858 
-25981 25600 
17465 6782 
23519 -16340 
-5387 24714 
-10501 -19688 
16753 -1194 
-6185 -5948 
-31827 30434 
10867 -13008 
-21079 7982 
-1329 -29604 
31589 58 
29931 4680 
26849 -6650 
29895 2804 
-19939 23698 
-27037 -7584 
21273 -20514 
13759 -15220 
2005 -5142 
28379 -25224 
19537 -9034 
7607 6436 
23693 3650 
-8621 -23664 
13449 -13170 
3247 26812 
-28603 9114 
-15157 21672 
-5183 -8346 
-7513 4948 
-32003 -29710 
579 4288 
20985 30014 
32671 30956 
5301 -22710 
30395 14296 
18225 -4586 
-15465 -1660 
9581 -10846 
563 10736 
-21655 -22034 
-29041 -2788 
-27355 30458 
-31573 18184 
24225 2246 
-16249 -13388 
17373 -5294 
-8669 -4320 
16601 27294 
14719 -8884 
4501 -27990 
-4453 -32200 
12817 12150 
-9865 -30236 
-8627 -13054 
-27117 24656 
4681 -18610 
-32657 12668 
-30203 -1446 
-19317 -5784 
-15999 25126 
3687 13332 
-2883 31410 
10755 32128 
8121 -28674 
25439 -3668 
-395 -20982 
-10629 31896 
3313 -24362 
24407 -13756 
-30931 -2974 
-26125 18096 
26921 -2898 
-7601 7644 
28389 -21062 
21611 15304 
5217 -5242 
-13241 19572 
-27235 14866 
-6685 -17440 
-4455 -6818 
-705 -18932 
-9387 -1686 
11867 9976 
-10287 16950 
21815 -17756 
8205 19394 
3539 -8944 
-20471 25102 
-19409 -17860 
17349 -28390 
25675 15912 
22337 -23322 
-1497 5332 
9853 10610 
4547 -21952 
-21127 27326 
1823 10860 
-22475 29898 
-2501 -32424 
-27983 5014 
-17641 23300 
-22291 -11486 
-3661 9072 
-6423 -146 
-2545 1692 
2213 -23430 
-7125 -3960 
-30175 -29114 
-26617 -29388 
-22691 18642 
-21085 18592 
23641 8222 
-32513 20172 
25877 8234 
11803 -29768 
15761 5366 
-28425 -21660 
8653 -30078 
17811 6608 
3529 -13106 
-22545 764 
-17019 -6182 
-11253 21224 
-21247 -22618 
-23065 -19052 
6205 -26574 
-18045 -26880 
-1223 1406 
27359 9004 
4597 -1142 
-10757 17944 
-10127 18006 
-10537 -21564 
-30035 29154 
2419 -16336 
9385 -13778 
-13873 -20644 
25189 23354 
13291 25928 
-16415 -3834 
9159 -29196 
31005 6034 
13667 -27296 
-30183 6878 
-15169 -22644 
-20779 1770 
-4645 -20360 
25425 -22602 
-29513 23588 
-7283 -30398 
15699 5776 
11145 -2162 
23471 3004 
-2235 -358 
971 10152 
-15679 27238 
4519 5716 
-13827 -14606 
8515 17344 
2297 24638 
-29025 -9236 
15285 16970 
30139 -13608 
-8655 14614 
-19817 -17276 
11373 -12126 
-7885 7408 
8809 21742 
23951 6172 
31781 -11782 
17323 -26104 
-19039 5062 
28551 20148 
2781 -22958 
32035 -24032 
30681 -10850 
-14209 -16308 
-18283 -21078 
28059 -27336 
18705 -1418 
18551 -13084 
25933 18434 
-2797 -11440 
2377 -7602 
-12433 -11140 
-3835 -10918 
-3189 -17304 
-26495 -4826 
15719 14100 
15293 -19022 
18691 -20352 
-10567 31486 
29279 21676 
9589 18698 
-10885 3992 
-23567 -5162 
20055 -29372 
-29139 -4254 
30963 14768 
-8151 -24658 
-20145 16604 
21989 2234 
4971 -28984 
27489 -2426 
31559 -12428 
23709 -2798 
-31517 28384 
9625 20574 
-29633 -26356 
-32171 5226 
-21157 14840 
-4399 3382 
-15305 -604 
-22771 -14654 
27859 20496 
-22775 -29426 
815 23868 
-21819 27674 
-23733 4392 
11841 12262 
10535 6100 
28029 25714 
12483 -8896 
25721 21950 
5663 -29332 
-12491 4042 
-2757 5208 
10673 24214 
-21993 7684 
-20499 -12766 
-12109 5744 
24041 -21906 
-15089 10652 
-4187 -134 
-23765 17288 
-7903 -26298 
18183 4148 
28253 978 
19619 -1120 
-27815 -29922 
4095 12748 
3093 15146 
-21221 -24904 
21649 -8202 
-9 -4508 
-22323 1410 
-23405 -29488 
1225 -2098 
-2321 -23044 
9349 -15654 
4875 9704 
-31743 12966 
-11033 -18284 
24381 -11470 
-10109 -13824 
-19911 -3970 
31199 -31188 
14581 -26998 
-11013 -9960 
28529 -28330 
-14889 28356 
-28243 27874 
-6029 -19664 
-25687 29998 
-26417 -11684 
18789 -18886 
-3349 -18360 
5857 -1018 
-11577 4340 
16413 -11630 
-11165 18528 
-16103 -31266 
21439 -30068 
21973 8682 
27867 -15496 
31313 29366 
-1097 -24796 
27277 1090 
-25517 -30320 
8841 8846 
-21841 -20804 
24133 -9830 
17099 -1368 
-26175 -2714 
16551 6484 
4349 498 
16451 30400 
-16391 19262 
-25185 16108 
25269 -8886 
29883 24024 
30001 -31722 
-24169 32644 
13165 -13406 
-16333 4080 
-26263 -18 
11407 15132 
25381 11514 
683 -4856 
3233 7878 
7815 -11852 
-11811 24914 
7203 21792 
-20775 16542 
22399 -23732 
24469 -14166 
-4965 -22472 
24593 -14986 
-18569 4068 
-5043 -15614 
21523 18000 
73 3406 
7791 30588 
22533 -20390 
12939 -28824 
28545 30758 
27751 14868 
-32067 -3918 
26627 -7296 
-29255 26110 
-32417 -18516 
19573 -7158 
-11141 -23912 
15089 14038 
15703 20548 
-27347 -5534 
22515 11440 
22313 19118 
-32689 25564 
15589 25530 
-11669 -7736 
-15775 390 
10823 21108 
9117 -20462 
9187 8672 
23705 -17570 
6975 31756 
10581 12138 
11355 19704 
1489 -10186 
13111 16548 
11789 16834 
-13357 -15600 
-25079 -18418 
21039 60 
4549 18202 
-7605 -7128 
1345 -17690 
22567 6868 
-19331 -24718 
20419 4160 
7033 16574 
9503 -3988 
-2507 -21814 
-3013 -22696 
-16207 -22122 
-26345 -7932 
-18707 -14046 
-20557 2416 
-11031 21870 
-27633 19612 
-10587 23162 
25131 -27000 
14369 -23482 
-2553 -27852 
13661 -16686 
-5213 -20832 
-13735 -2530 
-24833 5324 
-19691 22058 
11291 -20040 
27537 -21770 
28407 12644 
12237 -32638 
915 -48 
-1079 8910 
17903 18684 
-29819 -25126 
21003 -1816 
23297 -16986 
999 -17516 
-22979 3634 
-2173 -768 
26937 -9346 
-30497 -5844 
24565 12682 
-11269 27672 
1649 -9130 
-19241 12740 
-26451 26594 
-14477 -22992 
4777 8238 
26575 -2724 
12389 4410 
-19989 2888 
28129 1798 
-32313 -27660 
1821 -29294 
29539 -1184 
-2023 -3874 
-7489 28044 
-811 15594 
-5157 -10632 
-28335 15798 
27319 -7644 
-3699 32578 
-1197 -880 
6537 19854 
-1617 20924 
-15035 -19302 
-32309 -12888 
28865 -32666 
28583 7252 
22525 15602 
24387 -22080 
30457 13886 
-21345 -24084 
-30283 30794 
29627 -3880 
3121 -12522 
-28521 17028 
14957 -14686 
-24781 752 
4201 -21778 
-1137 24092 
18981 -30726 
-15957 16392 
25505 10694 
-12921 21684 
-26403 7250 
-17629 2080 
-6695 -21602 
-6529 -31156 
1685 -7254 
27547 -17608 
30481 -28554 
9847 21220 
29517 15874 
-19693 -18096 
-2231 14414 
28015 6780 
-16635 -29862 
29067 25192 
18049 806 
-25753 15636 
-13891 11186 
-30973 5760 
17593 20734 
-28577 6828 
29557 32522 
-11397 13720 
-11791 -32298 
11351 4932 
-25555 -6814 
14067 8112 
-12759 -2642 
20303 -31012 
9189 -16710 
-28309 13512 
6497 3206 
-9913 -10892 
-5475 27410 
-15645 -11040 
-27751 9822 
-21953 24332 
-12203 19050 
-21669 24568 
7377 -23754 
-24009 -31836 
-19187 -17214 
10963 13840 
-27383 -7410 
-24273 -23748 
30917 8730 
8523 -18648 
-9151 17894 
-30937 7636 
-1155 -9614 
28355 17216 
-11655 11198 
13343 21356 
7477 17866 
-3269 14936 
22449 -2922 
-30697 -23548 
-16915 -15326 
-29005 -912 
19433 110 
25359 28572 
-16987 -19078 
8491 -5752 
-28895 -20666 
-23289 5684 
-931 31186 
-30045 24992 
345 24862 
11775 -2100 
23061 28970 
-21733 -15176 
-32111 30198 
-8713 29796 
-18739 -1150 
25235 29392 
-3383 19918 
-27409 -5124 
-3451 30938 
-28405 -13336 
12801 18598 
13031 -16748 
-4803 18738 
5763 12288 
