8249 -14722 
-26657 19500 
-30987 -13174 
-11525 -232 
-25231 10070 
-23593 -2876 
-24659 25314 
-22925 -26320 
-30295 -13522 
14031 6236 
5989 27706 
28907 24136 
-15135 4614 
12487 5876 
-12771 18578 
4707 -20896 
12057 23518 
29119 20620 
-23595 22506 
27355 -5768 
-22447 2230 
-9801 9508 
30861 -1470 
23123 28560 
4233 30862 
18607 -2884 
11333 -28774 
-16181 -24408 
18369 2918 
-24921 8020 
-24835 30706 
32323 -9024 
11769 8510 
-17505 1260 
-20299 4938 
29371 -31784 
-23759 6678 
32663 1412 
16749 -15966 
32307 -2576 
-30871 21998 
-13681 -32484 
12581 -7430 
-32597 -27896 
-17759 13510 
31879 -10316 
24541 -10414 
23075 -17632 
7385 5790 
30079 26956 
-21099 -342 
-5477 -12744 
-29167 23414 
-27273 -27164 
-1459 -18174 
4627 11344 
-4535 25422 
-17297 -17028 
9733 26202 
-20341 13672 
7553 -29146 
-13721 16404 
4285 26290 
-23037 18816 
-1095 15358 
-24737 32172 
-25995 6666 
-11653 -14184 
26865 -13098 
6999 -10684 
-23763 -8094 
5619 4784 
17705 -24402 
7759 -22052 
2789 6586 
20587 -30776 
28769 6022 
-30649 22644 
-20067 9746 
25059 -30752 
-13671 -28322 
14655 16908 
30549 25962 
10843 29432 
13265 28214 
4407 -14684 
15373 14274 
-30253 -22256 
-29687 3598 
-4049 17980 
-8251 -742 
24651 -30168 
-19647 -12058 
-18905 8404 
17021 5490 
-29245 30272 
-30343 5822 
17183 -18836 
17461 -7990 
-3525 -12968 
-4431 16278 
30487 26372 
-15123 -16606 
28083 -4240 
-15639 -21650 
12815 -28004 
-23387 4218 
-8149 15496 
-6623 -17850 
21511 -26316 
-15523 13522 
10659 5280 
14425 -13282 
-17153 -9524 
277 -29654 
10779 -10312 
-26223 16630 
19703 -18588 
15821 30338 
-15981 -6704 
-5687 30926 
-7185 -28932 
22917 21466 
-12277 -24856 
2305 -11354 
25063 -15980 
13373 -31694 
13699 25344 
-10439 -20098 
-22817 -20692 
-21003 26506 
-11781 -28136 
13425 29270 
-27945 -18492 
-22867 24034 
-31373 -29648 
169 30254 
1487 15196 
-411 -14534 
12267 -20152 
7137 7430 
-8249 -26124 
-27363 914 
-20125 24928 
26137 -14626 
191 13196 
19157 29418 
-5669 -904 
-16559 -11338 
18615 26660 
-115 30018 
-18093 -7536 
1929 -23666 
-26705 -26692 
-27835 27290 
-53 29608 
7873 -27034 
-12889 8788 
-6659 -19726 
-25277 4032 
-6919 3134 
-13665 26604 
-10315 -20918 
29115 5848 
14897 25878 
28311 -14204 
18541 -17246 
23859 -5904 
-407 238 
-26225 -23524 
6181 15866 
16299 -6648 
4513 16326 
11143 23220 
9949 -28078 
-1757 28192 
21465 -32354 
1151 19532 
21653 6570 
27035 -7880 
-23279 9846 
1143 -10012 
-32435 13314 
28947 -24752 
-6839 -29106 
2927 24700 
-29435 16730 
-4213 2152 
-2943 6438 
-1689 17172 
22461 -24142 
-15101 31872 
-19783 9982 
-20897 -8020 
-16011 -19190 
-11909 23448 
-15 6102 
2647 -26300 
-21971 -9374 
-2829 1456 
-17367 19374 
-4785 -13092 
-3611 29882 
3947 -9528 
-14495 8838 
14151 -9356 
30877 -7918 
227 15072 
409 -930 
-14273 9484 
7765 -32662 
-22181 -31240 
19153 14646 
-32713 2468 
-15603 -19774 
-5933 7184 
-31991 14606 
16175 -5828 
18117 -10214 
-24757 23848 
-30143 23526 
-6873 9172 
-30339 20594 
-21309 -22208 
16505 446 
21023 6508 
27445 31690 
-3781 24664 
-31311 -30058 
26135 10756 
-13331 -17886 
19635 -7568 
14825 22126 
271 -19044 
-29787 27514 
-24789 -28792 
15649 -15034 
775 7220 
-30115 -4142 
-14173 -14432 
28505 14110 
19455 -16948 
-22507 -22742 
-22245 -5448 
-20335 3062 
-17417 -1436 
-15155 -3710 
8339 22736 
-7991 -23602 
13039 12796 
-16251 11994 
3851 29160 
-8191 24230 
-28441 -15212 
31549 -16590 
21635 -27136 
-29127 -25474 
-18977 4652 
-11019 650 
-12037 9496 
-13455 -17066 
-32297 31428 
-21075 22754 
25715 32560 
30633 8494 
-11057 24156 
-6811 8762 
-4373 1096 
29409 10246 
-28985 7412 
23581 -16750 
20579 5216 
-25319 12766 
-28737 5772 
-3627 -29206 
26843 3960 
-10671 -24906 
-18505 -21724 
-31091 -4030 
6227 21904 
-375 -12658 
-6481 15036 
-1467 17818 
16075 18088 
-2623 8550 
-857 9556 
11517 -4622 
-17341 17088 
-25607 -2242 
-9825 -13588 
-331 18762 
28859 -22056 
-11983 -20458 
23959 -29820 
20333 -18526 
15411 -9232 
30057 -21522 
26767 -14564 
-219 -26374 
-341 14600 
26785 19142 
-9593 -8780 
-4643 19794 
-26589 8480 
-29991 -4962 
-27777 12108 
-1131 13482 
-5989 -3016 
-17391 -3722 
29559 7140 
2125 -20734 
-12269 4688 
-9143 -18098 
23151 892 
-3067 7258 
11915 -9368 
-13439 -23514 
10343 17940 
-24899 -9038 
-7165 -20608 
27065 4606 
-17057 17324 
-6027 20490 
-12165 -4456 
-26895 25302 
-1705 23620 
-20179 -10654 
-11277 -1872 
13097 -2386 
-17329 -4132 
-10011 -12358 
-12693 11720 
7777 11654 
-6585 24180 
16285 -25582 
-24605 -4640 
14489 26462 
22335 2060 
-15019 -25750 
10331 -26376 
25041 1078 
-4297 19620 
18957 11714 
18387 -28912 
31241 25614 
-29137 -29636 
-21051 -19686 
-8629 12328 
24897 -6426 
5159 9940 
-12163 -29838 
-13373 -9152 
-2183 -4930 
24863 31852 
-28107 5834 
-4037 -3240 
7345 -10858 
21783 -4860 
-11539 -19166 
11187 -10896 
-20247 366 
-12273 -10084 
29349 -14726 
24107 -7544 
-27615 -12218 
-19961 -24780 
20829 -21806 
26531 31392 
-22951 -24034 
-9473 -24372 
20245 -15830 
10267 -584 
-14447 -10506 
10999 15716 
19405 27778 
32659 -13360 
-10295 -12594 
-32273 -11012 
10117 2522 
19979 17640 
-18687 -5722 
-16409 -14444 
-15811 -1486 
29571 -14080 
17721 -30850 
-15137 29996 
-1035 -25206 
-12293 -18408 
25201 2134 
28887 15812 
-19283 21474 
17267 29232 
-4439 -13266 
-23601 -32420 
-13211 32058 
-21013 22344 
-13855 13062 
15815 -24588 
8989 31122 
-4253 -14496 
-11239 -25378 
7871 -1652 
-26411 -22294 
-6181 8824 
-4783 27062 
9911 -4572 
3469 27458 
30547 -14192 
-2679 -1650 
13743 -8772 
24901 8346 
32203 6568 
-13119 -21402 
11175 10324 
29693 10482 
-9405 30144 
21241 -7618 
-5985 11756 
9653 -7094 
28603 15576 
26673 -1258 
19607 20100 
22125 -19806 
6963 -12560 
-5015 22254 
14223 -5604 
-6619 -3078 
-16981 -29688 
-16479 21958 
-30329 24756 
-19235 2130 
14115 -11232 
-15911 22430 
8831 4684 
-23915 20394 
26523 1848 
-11503 -17290 
-7561 24292 
-28851 10754 
12051 -31408 
-11447 -7090 
-22161 -22916 
23301 -2214 
28043 -20888 
-23935 12070 
22375 18708 
-6723 6066 
771 -7552 
8377 -770 
-13217 -22868 
3957 -5366 
-12421 -32360 
11761 -21034 
-6057 8004 
-18387 -11934 
-19725 -5200 
-21975 -24146 
-29873 4828 
-16411 10938 
-29333 -32568 
30049 14470 
-27321 -7820 
1693 22290 
16099 -24352 
28569 -11682 
-6593 -5364 
27733 -18838 
-22693 -21512 
30929 -12490 
24119 -28764 
-12019 -22334 
-22829 528 
28937 -28914 
-8913 12092 
5317 -29158 
7499 808 
14401 29158 
17191 10708 
6013 -14734 
-5437 3904 
-20871 -10306 
28703 -8340 
-18123 -20022 
-4293 -31144 
-19535 8342 
17431 -20476 
-9747 -20446 
2739 -14224 
10217 -21394 
-24817 -1124 
22949 8570 
7467 13704 
-5343 -9402 
24839 8756 
6237 26066 
1699 11680 
-8871 3358 
27135 -31796 
-2539 -8918 
-22757 4280 
-8559 -24074 
-26121 -32668 
-11571 -6270 
-8557 16080 
-12599 -1586 
-12049 30716 
-29051 -6950 
-29429 6120 
-29183 29862 
-4377 -13676 
2365 13618 
-28029 -1024 
-967 29310 
-11297 -10196 
8949 14474 
-12549 19224 
-1679 21334 
24535 196 
-17491 20194 
8819 25904 
26025 30510 
29391 -23460 
-19611 -10182 
27883 -21944 
8417 15878 
-4921 8948 
-5603 13458 
-29085 31328 
2841 2014 
-21057 -9076 
16341 -15382 
26331 13688 
1105 13494 
-27209 12580 
-27507 -6590 
-10669 15248 
-4983 9358 
-31569 -32580 
-14267 -1126 
-17205 -4952 
-23615 14182 
23207 11092 
-17667 25586 
-1469 -22336 
2553 -12994 
-2145 -28436 
19637 32586 
28347 -12328 
-207 17942 
15255 4484 
23917 -21086 
-1485 -15888 
25449 494 
1679 3356 
-13019 20218 
31915 -8440 
5793 24774 
14471 -7244 
31709 -15534 
-10717 -30944 
-1831 -15714 
-20097 -2740 
18837 27306 
-6501 6712 
-5615 -30858 
20855 -24092 
5709 -23294 
-29165 -1968 
-13751 3918 
-1937 18812 
-15867 -11686 
-21365 -32408 
31105 -17882 
-31129 19476 
11453 21170 
8707 5504 
-10311 -6146 
-9377 2476 
13941 -31222 
-12677 5272 
-15119 -1834 
-10409 -7612 
-16595 -13214 
-28173 -8528 
8489 19630 
23119 13788 
-22811 -31302 
19563 -11320 
-13215 17286 
17479 25716 
-12899 4626 
-8733 21472 
-22887 15710 
30015 -12788 
4949 -11926 
9819 -16648 
-28719 -26058 
-13001 -11612 
22541 9154 
1491 29968 
26633 -17906 
11311 -11716 
31685 26906 
23627 -10712 
3905 -794 
29223 11476 
24189 370 
2499 16960 
25977 -15682 
32543 17004 
-8139 19658 
-4549 6488 
19121 27542 
13079 29444 
-7955 -21726 
-5709 -17552 
-24855 22382 
28175 7836 
16549 31866 
-9173 -30584 
16929 -6586 
4103 -23244 
-8355 8402 
-23133 -8032 
5209 30750 
-1793 26316 
-25323 -2006 
9755 9144 
-2671 27894 
2295 -15516 
22989 25218 
15763 -20016 
-14903 9422 
8175 6908 
-2683 -16422 
-13301 -5400 
25857 -90 
7655 -12908 
20541 28722 
-20093 12032 
-19655 23934 
-7457 15148 
18933 -11382 
-12805 -8680 
-28559 -25002 
20183 -15420 
-15699 18914 
371 22576 
-9047 8750 
16847 -14500 
-26011 13114 
11243 -696 
30689 18694 
-25657 -23052 
-20195 -4206 
11619 11616 
16921 29406 
15551 -16500 
-6443 -8470 
-6693 18552 
6993 -74 
1207 29732 
7053 24898 
13651 -20848 
-7287 20366 
-11345 9148 
12101 -10598 
-1077 -16472 
31425 -15770 
-30297 11860 
509 -24846 
6467 -9280 
-16135 -18370 
1695 -3092 
29621 6730 
28091 25304 
-27087 -28394 
10903 -11132 
25709 -22366 
-9933 -19216 
-9623 -21266 
-10865 12316 
-19419 -22022 
15275 12808 
28065 27590 
-6265 26292 
17117 32338 
29987 14880 
12249 11678 
16511 -10164 
-3947 -31318 
26011 11576 
273 21110 
-16265 -6940 
-25267 8194 
-4845 27472 
-16055 14926 
18287 -4996 
10501 -21158 
-5237 21608 
20609 17702 
-19097 20244 
29629 -29262 
16643 18560 
-28999 -11522 
-5537 27820 
23925 8458 
-12933 -22632 
23537 17366 
-14761 -23228 
-14803 -14494 
28915 -11856 
-26583 -2130 
10575 22748 
-29211 -8006 
2923 9928 
9057 20102 
-3257 -6284 
-27491 -13038 
31971 1760 
-8807 -22434 
1087 -20212 
-17835 -5014 
-23205 -11784 
-22831 25910 
15415 5540 
-8435 -24894 
25811 -6128 
24329 -6898 
31535 30012 
-7483 17434 
-25781 -22232 
-6591 -30746 
-24281 12244 
-23171 15474 
10435 30016 
7289 -21058 
-29153 -23188 
1845 -6198 
-4805 -21416 
-7759 -18794 
8727 13828 
-6163 -23006 
-14157 -20880 
5609 622 
15631 16796 
10149 -10374 
-25813 -9336 
-26335 -3770 
-16633 10292 
-22947 -9262 
17571 -27744 
19289 -7394 
-30721 18892 
17429 4906 
-23269 14008 
3217 14326 
30711 1636 
-7987 -8830 
-25453 9424 
-17207 20430 
28399 -16900 
23685 -25894 
2827 -16920 
15361 -30042 
19687 -12140 
-26819 -21710 
-12157 25088 
27193 18558 
-3617 -25044 
28917 28298 
-13061 28952 
10097 -5802 
15831 -31036 
-13907 17634 
-8077 19248 
21417 -13010 
4303 -5540 
-32411 -29126 
-5397 20552 
-12575 21510 
19143 10484 
30749 -21870 
-13213 -8096 
31001 -8738 
-13377 -23924 
-29227 -1558 
25819 23416 
12881 -13642 
29623 -18652 
-23923 -9150 
-27565 8592 
-9591 31374 
8879 -14660 
-27067 -20070 
15051 -27992 
20929 19814 
-18265 12628 
18685 -9742 
14403 3776 
30713 -23746 
5535 22252 
-25931 -19126 
27835 -2600 
11569 -9194 
6551 -26748 
27501 -23646 
-18381 -22544 
20841 22510 
-23409 21276 
-25819 1274 
-1365 -31480 
-15199 30406 
-27001 -5708 
2525 14674 
5155 -4832 
26329 -26466 
-12417 -17588 
-26731 -24406 
-7013 16440 
6161 7542 
12151 10212 
9293 -25854 
19475 -8624 
-18359 25934 
-27025 -28804 
-28667 -30630 
10891 10088 
10113 -12250 
-7065 21012 
-17731 -14158 
24579 31616 
17849 -16898 
-1697 -12372 
-31627 -17398 
-13189 15000 
-3343 -28970 
-19113 26692 
-13011 -15774 
20467 -15184 
3881 -23890 
-1969 31708 
29925 15290 
-13717 31176 
31329 22918 
-23993 27252 
23453 -30702 
7139 -17952 
5273 4958 
-27841 -27636 
24917 1898 
9307 -6920 
-16943 12342 
-21705 22692 
26125 6594 
-15405 23312 
22025 4110 
-13777 6204 
18885 7962 
-9653 31784 
-17087 4838 
-12249 13012 
-4995 30578 
18371 -22464 
-11399 -26434 
-25313 2156 
11829 -32054 
-5061 16216 
30897 406 
4375 -1788 
-4371 -24286 
-22605 -24208 
-29463 -21138 
3087 25756 
3749 12922 
23083 11912 
-4063 -954 
28167 -21708 
27997 -26926 
-7261 18080 
-32167 19998 
5887 11468 
-5355 11818 
9243 18872 
9105 758 
-6409 18788 
26573 22658 
-1133 -26672 
-19511 31438 
-16913 24828 
-15483 30170 
18955 -28440 
4865 5542 
31719 -11372 
-8643 -6606 
-4221 -27392 
8505 13182 
223 300 
-26635 2442 
-13317 1048 
-16783 13398 
11479 18884 
-12115 16354 
-16525 15920 
-13655 30766 
-8241 3420 
26725 -5830 
-22037 -23736 
9697 24326 
-1593 -21516 
16157 26002 
27491 -27808 
-20455 18654 
23231 -31348 
13525 5354 
-7205 28280 
18769 -27210 
-7497 -1500 
10637 22338 
-3245 -27504 
-11895 -23154 
29103 27068 
-699 -29542 
31179 26024 
10433 -10138 
-6233 13396 
-28675 5362 
22339 16832 
12025 -29122 
9375 -17940 
-15947 20554 
27579 -30504 
-15311 10006 
2199 23172 
29293 -24926 
-26829 -25872 
-14231 750 
29583 30236 
-32219 24570 
-18005 -10232 
7073 -32314 
17799 27828 
-12067 -2990 
-19677 -24544 
-25127 926 
24191 -25012 
16021 -17494 
25499 21304 
12049 -6026 
-24969 27364 
-21683 5634 
-21741 20816 
-20663 -28594 
-6801 12924 
-2299 25434 
27019 -1432 
-383 23334 
4967 21780 
445 946 
32515 -20864 
-839 -22274 
2143 12972 
-21643 22282 
-13445 -12904 
-30223 -9770 
-23465 11076 
-11219 -17054 
12019 -18512 
-31191 19886 
-14513 -24868 
23525 -26950 
-30357 -13112 
-11935 25734 
20807 -4748 
8861 17170 
-17693 27872 
19353 32350 
8767 30476 
2133 8810 
-23717 -2056 
-11055 -1226 
6711 -25692 
-4851 -27454 
8915 -12784 
19721 15118 
6447 -17604 
-20283 -1510 
6475 20264 
-27583 -25114 
-217 13780 
13181 -19854 
26307 -9408 
-30087 -31810 
-21473 27500 
21813 7626 
-5317 -11688 
4017 19606 
23 -17404 
-2579 -25566 
-31053 -27536 
1001 22638 
-9457 -30820 
-2651 -29318 
6443 -32376 
18209 1862 
7431 11828 
13405 20946 
-32093 -1632 
-18087 -18146 
-23041 4044 
-28139 18730 
-23781 23736 
14993 -12810 
22007 -29596 
-4403 -11390 
23187 2768 
-21815 -23090 
3311 1020 
10885 20698 
-30453 25576 
-5631 -24410 
-21785 -10604 
9533 8498 
3715 -14336 
-10183 7806 
4063 25644 
-16651 -23414 
-13573 -26856 
21873 32598 
7127 3268 
-10323 15074 
-24973 12592 
16809 9006 
-20785 12380 
20325 17466 
26859 -2488 
31969 27142 
-22329 12020 
1565 8338 
2659 18016 
-6375 -19490 
-5697 26764 
-9259 12266 
25307 -32392 
24657 24758 
20919 15652 
-20339 -11710 
21075 1936 
-14199 -12146 
-16209 3260 
25669 26522 
-18229 14504 
-63 25446 
5799 14164 
-10499 20466 
30275 29888 
-6663 31038 
13215 7404 
-5963 -5302 
27323 7128 
23345 29206 
-2153 7556 
31085 -26206 
30259 -29200 
16233 -21010 
17039 -26340 
26917 -17670 
30891 11016 
29345 -29498 
-2937 -4172 
-26659 -20654 
21027 21280 
-11047 28318 
-4737 -32436 
-6763 -10582 
-7525 26168 
17937 -19594 
3447 -21020 
12877 -28414 
2579 -15280 
-22967 -17586 
13423 -10884 
24069 15962 
-22389 -12952 
-10879 -6618 
16999 22548 
18621 16050 
-25085 -7808 
-19527 -27650 
5983 -27220 
-11659 -3574 
-13701 24728 
8433 9430 
-27817 -4540 
-9427 -18334 
3571 -21840 
-727 -1874 
-27057 -15908 
17125 -3654 
18539 8136 
10337 28550 
71 28788 
-5731 -494 
23011 8160 
-32103 -5794 
-20161 23052 
-20651 15722 
8795 2808 
-5167 -14794 
-30409 -8540 
29709 4034 
-32301 16656 
17417 26126 
26671 24124 
6085 -10982 
22603 8744 
27457 10470 
11815 14548 
31357 -4750 
-31293 3648 
16761 28350 
-17633 -12692 
31797 -18230 
-5573 25944 
-22863 -26730 
-4329 32516 
-787 -26846 
26035 -30864 
31465 878 
-22001 -21860 
-9051 -6022 
-10197 -11128 
-25055 4678 
-13305 -20172 
-1187 3282 
8611 -21344 
-4007 9246 
13567 -3380 
14613 25642 
8731 28600 
20881 -26378 
-15113 -12444 
30157 20098 
-18029 32208 
-24119 -12082 
23535 -22788 
-28283 11226 
-14325 14056 
-16127 11174 
-9753 -9836 
27709 23602 
11651 -1280 
-28871 2430 
7903 -14548 
-6667 16266 
-13829 10776 
-5007 -13738 
2775 -12348 
-8531 13794 
32115 9264 
-18263 -12754 
32207 21340 
13925 -24774 
10219 18760 
-11295 29958 
22471 -19980 
-13027 -9326 
-22173 -1696 
7705 7902 
30911 19340 
-32043 19178 
-7717 -27528 
30545 11190 
-16201 -32732 
14221 19778 
-20141 31376 
-16503 -1138 
4015 -20548 
-13499 17050 
-2101 2984 
-10559 -4506 
17831 14932 
7677 -29966 
-27325 -22592 
-25351 25662 
17055 32748 
4021 -31158 
27067 -20776 
-3535 -17130 
-6505 -8060 
-32659 -27486 
21811 -32528 
-18839 22766 
4495 -17380 
20517 5626 
14251 32264 
-13919 -26682 
-23673 29364 
24285 27218 
-3805 1568 
3033 -9826 
31871 25676 
-29547 -3670 
24987 31032 
23825 32374 
31863 -3868 
-18099 3074 
26899 14160 
-25271 -6578 
-31889 30844 
-15099 6490 
-6261 -24472 
-21375 28966 
29031 23316 
-28739 31154 
-17149 5248 
27321 32510 
9823 -1876 
-1675 -29430 
-13957 -3176 
-18447 28630 
-32169 -20156 
-7635 -19614 
-4877 -25168 
29737 -23634 
25935 -6948 
10725 19642 
1899 29384 
32609 31366 
-20665 -3212 
-20323 -18158 
-1821 -11552 
-18023 21598 
16447 15628 
22101 22634 
-24229 7672 
721 -28362 
-1993 8612 
-1267 -30014 
-7981 -19440 
15113 -28402 
-18641 316 
32453 -20454 
-26805 -2776 
16961 -19482 
23847 15316 
-16003 10354 
-23357 16704 
-1927 22974 
-13793 12652 
-23755 21450 
-5829 -1960 
15793 -7530 
-8681 16900 
1005 -28126 
17587 31344 
-3607 -20882 
30991 -12900 
-15451 17274 
-26837 10120 
-2783 7494 
31495 13364 
-15779 -14382 
-16221 24480 
10073 -28898 
-15361 -10804 
-8171 32554 
-24293 -32072 
26769 25590 
13303 4708 
-819 -13950 
6291 -3888 
-26423 -1074 
-21777 18940 
-1915 1754 
1803 2536 
-26623 -18778 
2279 -9068 
-19651 -26830 
19587 11776 
17977 -2946 
11743 10796 
3317 -9590 
-14085 -17128 
-31887 5462 
-1577 -27964 
-6739 12514 
23667 5936 
12201 31022 
19663 30300 
7525 -1478 
-6421 -25528 
10977 -32762 
1735 13556 
-27619 -26990 
18531 -21408 
21785 -30242 
1983 11916 
10709 26090 
24795 -22664 
-29103 -2378 
12215 -15580 
-16755 -14270 
4179 -4720 
-18807 9870 
24239 21180 
12869 7578 
14027 -8536 
-21055 31078 
29863 15700 
25853 -14862 
-19389 -9536 
21497 20286 
20895 -7444 
14005 8522 
26811 16856 
-30415 2070 
-10857 -23676 
-30867 -28766 
13363 29680 
11625 1006 
-8049 -8420 
14117 28922 
-2389 -12024 
8353 -23866 
21127 -2636 
9693 9554 
-28637 -18144 
17113 17566 
2943 18252 
13205 3242 
-8037 -29640 
29713 18806 
-5257 13284 
16461 -30974 
-14317 -21936 
-27575 4430 
-11665 7036 
11269 -2982 
9867 29544 
-31871 -986 
-24473 24084 
-10563 -19278 
-9213 18304 
8633 27134 
13663 23468 
8309 10250 
-14213 -31080 
20209 -17706 
29015 29764 
-5843 -20894 
-13325 -28496 
-5335 20142 
13391 2012 
4325 -22598 
-14741 -14904 
-10655 -31354 
24135 30324 
30621 29714 
-26653 -31264 
-3943 -16546 
-12481 8204 
-683 29546 
8283 12536 
6609 23606 
26423 25764 
-32243 1474 
16339 10000 
12809 -17394 
1583 -23492 
-6715 -29926 
-10677 -14296 
6465 16102 
-29657 16084 
2173 25458 
-15421 29760 
-20615 17598 
-9953 -27540 
-13771 -4406 
-6085 -29864 
-11087 11670 
-13033 1284 
2797 -29406 
9139 28016 
26857 22894 
18447 -3940 
-21851 -24966 
22059 31368 
19489 10310 
10759 -18636 
-30371 -32046 
24483 4768 
24153 -1506 
21247 -18228 
-30955 -26070 
8219 -27208 
32657 12022 
-23817 21860 
-31795 17538 
30611 25552 
-28727 9934 
-1553 -4868 
24453 -7718 
17931 -8984 
28417 16806 
14311 -8300 
-1475 -11726 
27523 24832 
-711 -8322 
15583 -29396 
13301 30090 
-14341 20504 
6769 24662 
-5929 21956 
-4947 11234 
15219 2608 
-22871 9262 
7119 -26276 
1125 21818 
-23061 -4280 
-32287 -29946 
-19001 -18444 
23325 20882 
-6301 24416 
-29671 -2850 
-26945 4492 
-12075 -32534 
-8229 -17800 
-23215 -15946 
-24905 1572 
17805 17218 
28499 24720 
-21111 20878 
-21073 -2628 
-26299 -1894 
30155 -20056 
-31551 1126 
-23641 16468 
-21507 242 
-11453 3520 
2809 14910 
24735 17900 
23989 -17334 
26555 -11048 
8241 21270 
-15209 26244 
-29075 -30046 
4915 26352 
-23447 -20754 
-20593 540 
7717 -13318 
-19029 9224 
30625 -21050 
391 30900 
-4899 -8110 
12067 27680 
31193 -20578 
-25985 10828 
-9579 10154 
24475 -24776 
-29935 5238 
23159 30436 
-14515 514 
10003 7504 
-29879 15438 
8559 -16772 
-27899 -12454 
25995 18024 
23169 -30938 
-12441 24852 
7613 -4174 
-1277 31360 
-10055 21758 
17503 -16724 
18293 -15606 
-14469 6552 
-6671 1494 
24663 14148 
-4051 -22174 
-21773 -31824 
25129 -1618 
847 10972 
-2075 698 
-31381 6344 
11617 -28538 
3399 -1676 
16029 12050 
14051 14560 
10137 10846 
24127 780 
-23467 -29078 
-24741 17400 
12497 10038 
-10697 -22620 
2317 -32574 
-24877 -26096 
10505 -6386 
21807 18236 
19653 26138 
5451 -25816 
-4031 -13850 
-17625 16852 
20349 -24974 
-7485 -22720 
26233 12222 
-6113 -2196 
-3787 -30262 
-6341 7768 
27569 30870 
-17385 -14332 
4589 -30686 
691 24688 
-8215 1134 
5903 5020 
-28251 -1670 
5419 -12920 
-23775 13126 
-9977 14900 
20573 15826 
-349 -14944 
-27303 25886 
-7681 -25652 
11797 -19158 
-24805 -22344 
-26991 -1546 
4599 -26524 
2765 -16510 
-10605 -10544 
-31031 20942 
18671 -28676 
-14715 -17190 
-31477 -20504 
17921 -13146 
26343 -7532 
16701 3378 
-30077 -27648 
-19399 -13698 
19423 -4052 
23285 4234 
-14597 -7400 
-20111 -21674 
-10281 6340 
-3155 9954 
6771 -720 
7593 -12498 
-5425 -17316 
-5275 -20422 
25835 16968 
-10015 -27130 
25799 15092 
8733 3218 
-31133 4704 
-15591 24542 
9663 -2932 
30677 -25622 
24283 -12936 
-17327 -29514 
3511 18724 
-13171 -16830 
-12717 -11376 
-23415 31886 
-849 -26436 
69 -11366 
-19253 -31576 
23489 -28826 
-11609 17236 
-3331 15346 
-3517 16576 
-15879 9534 
28575 -22292 
-31563 22346 
26299 26584 
-18639 -25066 
-19561 10628 
-27283 -31326 
-3533 23024 
7017 23022 
32399 9500 
1317 9978 
29867 30472 
-12639 -18234 
-20345 -1100 
-19491 -25774 
-12765 7968 
-20263 6814 
10623 3404 
-32363 17066 
-8549 -19912 
-24047 -8330 
-13961 -17948 
20045 32002 
-31213 -28592 
-32183 26446 
28783 24956 
-1531 -21926 
-23413 6504 
12673 4646 
-409 25620 
25789 10930 
6659 -21120 
-28743 16382 
21343 8620 
28277 24074 
-14725 -21352 
31985 20694 
20311 -1468 
-2259 -23454 
-30221 30384 
-9943 -23378 
-11697 19932 
-8475 23994 
17515 27592 
-31647 -25722 
-17337 31860 
1437 -5614 
-10781 -5152 
24217 -27298 
-4801 -6644 
19285 -22166 
7771 22264 
18385 -3530 
17719 -5468 
-28659 -1086 
-557 3344 
8201 4622 
-23505 -5572 
-19515 16666 
21579 28200 
-14527 21734 
-5593 17620 
-27011 -9870 
451 -9664 
7545 6846 
-2273 23148 
6197 9418 
-6597 -20136 
689 -15466 
-21737 -29948 
6381 -31966 
-7757 21360 
22249 -20626 
-6641 13980 
30885 21626 
-11221 8328 
-1503 15942 
-30713 -17100 
5981 -1838 
-25181 30880 
-13223 -12258 
28927 32460 
-10987 -12246 
7707 -17480 
-21103 -15114 
-32521 -9372 
-28211 14978 
13715 18896 
32201 31950 
-26641 13052 
11653 -26662 
-15349 -32024 
7425 22438 
-27161 -6764 
-30659 18482 
-22141 -14592 
27449 -19074 
23263 21292 
-32267 -21622 
-14853 30232 
18545 -2474 
-14633 -9276 
-1363 8674 
-1677 -4048 
-27479 31278 
-17969 -8356 
-11675 2874 
9195 -27320 
12257 -24314 
5063 -16908 
-5859 -14446 
9571 -15008 
-1511 -13602 
-19265 -10356 
7893 -18710 
-8741 -8072 
-11439 22454 
31927 -29660 
21389 14658 
11603 18064 
-25719 -22642 
19375 15292 
26437 -20838 
-3125 22440 
12993 6758 
423 18004 
14845 30450 
4419 29632 
30969 4158 
32415 3052 
-21579 -3510 
26043 -1320 
20017 -5866 
-23913 -4988 
-25491 -32606 
-11981 19696 
-28055 1262 
19855 18460 
-5083 -32262 
13227 -13816 
9633 -15418 
24455 32436 
31453 22098 
27939 -11744 
-6183 -31330 
-18305 -4020 
10389 23978 
23963 -15048 
-18159 -21898 
14455 -796 
-10931 -2046 
-6893 848 
31049 -28082 
-16529 1148 
24837 -31398 
-7285 -5016 
2177 -25306 
11623 26388 
-21571 26034 
14595 -8064 
18105 11006 
25183 -31572 
-27275 -1782 
-14981 16280 
5105 -25642 
15959 -17084 
-467 -24734 
26867 27056 
20521 20398 
-24241 28892 
-14875 -18246 
875 -16696 
-9375 -22906 
27463 -140 
-13155 -23278 
29923 -24864 
-27239 94 
31807 -14068 
-3499 -15254 
-25253 27128 
24273 -17098 
-19401 11684 
5901 30402 
23763 -32752 
5897 15630 
-3281 -29380 
6853 7194 
-27829 16680 
-25023 -8218 
6439 18388 
-8835 5234 
8387 3392 
-11143 1470 
1567 -17044 
16181 -16438 
-6853 17496 
-26191 3734 
-26089 19972 
8173 32290 
-16205 18032 
-12823 23150 
-19185 22940 
24485 -20614 
-27861 29576 
20769 18758 
14087 16436 
-8611 -19502 
15523 11168 
857 15134 
-1 25036 
31765 -5334 
-25317 -12616 
-15215 -28682 
-4105 7780 
6349 -19070 
-27501 -17200 
29897 -22578 
-6417 -10756 
-27515 29402 
779 21992 
-3071 -7514 
-15129 -5996 
-12483 -31950 
-14205 -1536 
8761 -24450 
27103 -18900 
-22283 18058 
-15109 2328 
-8335 16726 
-18985 -24892 
429 7394 
-10125 -7376 
2985 9518 
-30513 604 
-18075 26170 
-7445 -6072 
-31007 -21498 
-15673 16628 
-20451 -32110 
-15261 30816 
12569 13790 
17343 -17780 
-14891 -11798 
23771 -3208 
-5551 8886 
-5193 -12508 
-9587 -19390 
-29613 -18032 
-28023 -11634 
-25937 -8516 
-12731 -30310 
13003 10920 
2497 -23194 
12455 18772 
-32515 -19982 
12355 -22848 
12281 -1218 
-29281 28396 
-11595 -29366 
25787 -29224 
-6863 13334 
-28265 -20604 
-23699 31650 
-20429 16368 
2409 -20498 
7311 27420 
-11483 -8966 
-3413 7432 
31905 -12602 
3719 436 
16861 4434 
3107 -31456 
7897 -3938 
18303 -11444 
-12395 30890 
-9061 -10184 
-12271 30070 
-22665 16356 
23629 29442 
17427 30288 
28745 -17074 
3695 -22660 
-14331 24666 
8843 -16536 
-8319 10278 
23655 27156 
-3395 -24398 
22531 4992 
-583 5630 
29023 -6228 
-17291 -27638 
-15237 -11624 
-21775 -6442 
11607 -32700 
1325 -26014 
18419 23728 
-14551 -1362 
28751 -27684 
-21275 5050 
-15765 4552 
12897 -20090 
6727 -32140 
-27747 24594 
5091 20960 
-13159 27486 
2879 -21492 
-26283 -8342 
7259 31992 
30161 -30666 
9015 28836 
-25075 -3646 
-17453 -3312 
3593 26638 
16943 12348 
-32315 -2278 
-11701 5160 
30017 27366 
18471 19156 
9341 20338 
16323 16448 
-29831 -3906 
5407 8300 
26165 23242 
-7109 -10408 
12465 22934 
-30441 4356 
9965 31010 
-24653 14704 
17641 1390 
-31729 31900 
18085 2682 
21035 -14712 
-22495 21574 
-6649 -15564 
-23203 28370 
-9309 -8544 
14937 -23010 
-28929 17612 
8981 1578 
7195 -7752 
-9327 23286 
24311 24932 
-24627 12418 
-3181 12240 
27593 -11570 
13807 30972 
-1147 19930 
16907 10472 
-13567 28070 
-3097 -5228 
5693 -16846 
-6269 11520 
-9927 -29826 
30943 6444 
-12299 -7798 
-15365 -25576 
30321 -29610 
-23337 25028 
2221 6114 
-18573 -10704 
-32087 -12242 
22479 9564 
-24475 -16070 
-24085 15176 
-8735 -18682 
29127 -15372 
30493 15762 
25443 11104 
26649 -24354 
-11585 -25204 
27861 -4886 
-9253 1656 
337 -4682 
23223 4644 
24973 12098 
-5293 11408 
-30327 -626 
-5713 -32324 
13637 25754 
29131 -600 
-7999 12390 
24487 19540 
-14339 -4878 
20291 -9792 
-6407 -6594 
-25441 -11796 
-1611 10314 
25531 8408 
31793 32534 
-32617 29316 
-21907 30370 
-28877 13040 
-32663 23278 
-5233 -29156 
-17883 14330 
-20053 28680 
-11359 -9786 
-17017 -31564 
2269 -13230 
-21725 14368 
21977 23454 
-10625 -18868 
30357 -27734 
23451 -5320 
-6383 16502 
5751 -32028 
-7347 -4606 
-23789 -5808 
26441 -6066 
23919 19068 
12037 15194 
24971 -28056 
-18815 -19674 
-29849 27924 
14781 -9294 
30467 18048 
-19271 254 
-32673 19116 
-7307 12042 
-15493 26008 
16881 12758 
7255 17220 
3117 -27294 
9971 20400 
15913 -23122 
16207 -18724 
-27675 28346 
-32405 25800 
-30367 -17274 
-14009 1396 
23197 6930 
-19741 1248 
921 -10658 
-26049 -28916 
16469 -1430 
-25765 -28680 
-29487 21302 
-28105 -19548 
9485 27842 
6867 26128 
1289 -27890 
-28369 -11460 
-5947 -11750 
4427 -6360 
19521 -2586 
30503 19924 
27517 -30094 
24259 29504 
17017 -9282 
9247 -31892 
-29387 -2614 
-7365 27224 
-14415 -23402 
30743 -11260 
11757 29730 
32435 11376 
-17431 -20370 
21263 -24676 
11685 25978 
4395 6536 
-223 24390 
-27385 17972 
27741 10706 
31395 -28256 
29017 4382 
7679 10188 
-13803 8490 
-25829 -2888 
-3439 9718 
-12809 -23452 
9933 -21630 
21139 -23856 
25289 -562 
-31505 7164 
25221 10458 
-32501 -1048 
-24063 -1882 
8935 -4460 
23869 -1742 
1667 24576 
