-20423 5758 
5877 7306 
11633 30550 
12205 -19742 
6569 6958 
-22683 -17350 
21729 25094 
24093 -26478 
-16615 -21538 
13269 -22550 
14417 22710 
2189 19010 
-24439 -14194 
-17339 -8294 
-10303 23398 
12029 -14350 
-16903 28990 
16565 25418 
13105 27158 
-11923 4514 
5993 -23058 
-16091 13050 
19105 -31546 
-4131 10066 
-21287 26270 
15765 20138 
7697 -21642 
-30131 2306 
32329 -19634 
-18939 -18854 
-21119 -8666 
-24387 -18766 
-29767 -29698 
10869 27146 
-1807 7382 
13101 12386 
-10967 -3922 
-25883 27066 
97 26502 
16797 30226 
23193 -7842 
1877 -19094 
-15407 -16842 
-13299 -30782 
7177 24078 
28613 19738 
17217 8422 
-11651 25970 
6521 26302 
-11211 12490 
32433 -28778 
21741 3874 
21225 -1170 
13477 24698 
30241 2630 
21341 -31534 
-14247 7198 
-28395 -9174 
10641 -28426 
-12851 -14718 
31177 -14130 
-5755 -23590 
-26367 9126 
-15299 -11214 
26425 382 
15861 -18550 
-15247 -15786 
13997 -21022 
-28503 -14802 
-29083 5946 
-21535 27910 
9501 21394 
-2535 5854 
-9515 -15638 
20305 9142 
-28787 -15038 
-26743 -3186 
9029 -17766 
-20799 -6554 
30205 754 
29945 23614 
26549 -438 
-13775 -19178 
-10131 3234 
-29079 20718 
-22491 -29190 
-24159 -28730 
-18723 -7598 
-7207 -11874 
-7019 27050 
13585 30326 
4429 -31742 
30025 -8626 
7429 -28326 
-31615 26918 
-6211 -3662 
17081 30462 
20853 1290 
-28687 26582 
14893 11106 
19497 -25682 
-32283 -15174 
22369 29318 
2205 12562 
-28263 19550 
-20907 -12182 
-9519 -30410 
21261 706 
4873 -30450 
-10555 10266 
6721 -21530 
6525 -24462 
-12167 20926 
-1227 -13366 
5553 -9578 
23533 2594 
-13847 -22930 
7077 -17542 
-13023 5446 
6749 16338 
-167 -30946 
14357 -2262 
16529 23542 
21709 16770 
28873 -3122 
20613 32474 
28673 -20826 
2877 3890 
7737 -4994 
25845 21130 
23409 3414 
15789 -22302 
1961 28974 
30053 29242 
737 30726 
-5091 3730 
11545 -32290 
-32299 -8726 
26193 -4426 
5773 16450 
-29047 7822 
-30139 -27238 
-31295 29030 
-17155 15858 
11257 18238 
-29003 -26294 
24881 22 
-8339 1954 
1385 -1042 
-28891 -5894 
-1887 -25914 
32221 -25262 
6873 15518 
-29803 -31574 
19473 16758 
-26547 -254 
27721 2382 
-31739 27738 
23425 -3034 
11965 11442 
-1607 25086 
30837 -24566 
9969 -19754 
16685 9826 
-15575 18094 
26853 8122 
-20895 32134 
-12387 -5102 
-14183 -18594 
21845 -5270 
-3631 21558 
-9715 32194 
2569 -19442 
15813 794 
-3775 14054 
24701 -9358 
-30855 15550 
8757 26314 
-21327 9622 
25325 1314 
16617 20846 
677 5754 
9249 8262 
-7843 -1326 
13913 -3554 
-8427 4650 
22417 9974 
-9267 -17278 
26569 7886 
-18555 23002 
18177 14758 
21053 18994 
-10951 -10370 
-29707 -4726 
-3471 22614 
17581 -23582 
32425 7214 
23653 -12998 
23009 -31994 
-19683 -13934 
25625 -4898 
10453 -1814 
32081 -17994 
-25203 -17598 
-31351 18830 
-3771 28826 
23745 -922 
1021 30962 
-7431 12862 
-19019 13386 
-1999 19222 
-6547 674 
31849 -22802 
30245 17402 
20385 -23098 
17629 22610 
20953 -22626 
12949 -24662 
25361 3190 
8013 31234 
25417 13390 
-5371 18266 
12929 32550 
30141 26546 
-20295 19710 
-24715 15114 
-16911 -554 
18477 8546 
14889 -3666 
20453 31418 
1377 -30586 
-26979 -22766 
-103 8798 
-939 1642 
2257 7990 
24845 -1854 
265 -8434 
-23355 -8678 
-14271 -15898 
-22659 5746 
15993 10174 
18741 458 
17329 28822 
27117 34 
-18455 -914 
-5723 29050 
31521 11078 
-22435 -18990 
27993 23838 
-31211 11562 
28305 -3594 
25293 14210 
24265 18894 
7813 13530 
7681 -15194 
-26307 -31438 
-29639 -15746 
-19723 -30582 
-30351 -23722 
19373 -24862 
-2647 -14546 
17253 10298 
-20255 -29178 
31261 -31598 
-25831 22494 
-12331 5098 
-27567 -31562 
9357 13890 
31881 29838 
22597 19354 
13249 -30874 
19197 -19470 
-26119 7486 
-9035 -12470 
-28879 -27114 
-4755 -606 
-3223 20974 
23845 -24838 
-22879 -20282 
3037 4946 
-30503 4766 
-9835 -17750 
31249 -10378 
-22963 -2814 
23113 24398 
20997 8794 
2433 2598 
-17219 -23886 
26553 14334 
-14731 -10742 
21745 18646 
20269 7266 
-20183 -25426 
14053 -10822 
23649 -27770 
23965 25106 
13977 -29346 
-23723 8554 
8145 -5578 
-6131 29634 
-2039 2574 
3013 -18150 
-24767 19686 
-4483 20850 
-2695 4798 
28725 -25398 
-9551 -17514 
28909 -1246 
12009 -22674 
-12123 -13190 
-11743 13894 
28509 28882 
-23463 -14306 
11541 18474 
-31343 -17162 
-5683 -19838 
21961 29902 
-31355 4058 
-2815 20390 
-8131 -16334 
17209 -21122 
-9739 9098 
8305 -4522 
21165 -26142 
27817 29230 
10853 -31942 
2017 -26362 
16669 16274 
-11751 -15650 
30421 12010 
-21679 20406 
-21619 -20158 
29577 -24690 
-16571 9882 
2753 4710 
-28163 -4366 
20729 2110 
949 27210 
9777 -7914 
-2963 -1886 
27241 -786 
17445 -1542 
-607 -17466 
-11555 -12718 
-16423 32158 
-32619 -10838 
-28399 -23946 
11597 28674 
20809 -30130 
-18171 -678 
-8063 -27354 
957 -8782 
7865 8958 
-4747 28938 
-5135 -27690 
22061 5986 
10281 18350 
7653 12474 
-19615 -24954 
9373 7442 
28057 -1954 
19029 15466 
14033 -19146 
28429 -4414 
-4343 13582 
29381 -27622 
30273 -10266 
13693 -29582 
-21383 -578 
-26827 14282 
29105 1686 
30701 -2526 
-23063 21102 
-18523 10106 
10529 16710 
13917 11218 
-9383 13086 
-11243 25386 
-25455 -30730 
28877 11650 
19657 -24626 
-4987 -5414 
-13311 -9562 
10045 -1230 
-1479 -26498 
245 -16758 
-18575 14678 
22957 -27422 
-7255 7470 
4453 -8646 
24289 -23546 
2077 -1390 
2329 11742 
7637 18922 
-15791 6838 
12941 11330 
27273 -13682 
9797 410 
-7743 -25242 
-9987 10738 
2041 -3266 
10933 1354 
-17103 11286 
-1171 -3166 
-7831 -22546 
11045 21754 
21665 -14650 
-26147 -30382 
-2343 -5986 
10133 -3926 
-22511 28022 
-19379 -5374 
18505 -19122 
8197 -10150 
-18559 8230 
19133 6322 
-10823 3582 
5237 3082 
-32015 -8490 
23853 4706 
-24791 -3410 
1253 -29766 
2657 -22138 
-5219 -10222 
-23399 25438 
-3755 22378 
19921 -32714 
-2547 27074 
-6647 24590 
-9787 28442 
19777 25318 
31869 -14478 
25465 -5954 
-16843 -11574 
2225 20886 
32493 -3806 
7401 -658 
-24923 -32134 
-32735 19526 
-675 -6446 
4697 -25058 
31509 32298 
-19567 21238 
-2099 -22398 
17353 -13618 
21381 -14886 
-23807 26022 
28221 13874 
-20167 -31874 
10229 22922 
20081 -31658 
24749 -28702 
23209 -14290 
-1947 14650 
-18975 -20730 
-12515 -19054 
16409 -26402 
-15147 25834 
-9903 -6730 
-18035 -22718 
24969 -2674 
-29371 -9062 
-18239 10342 
8189 25842 
-16647 -8642 
20917 -24502 
21553 30486 
621 -4446 
22633 21230 
4645 -20486 
-21599 -11834 
24797 17490 
11737 21406 
-12651 2986 
-16623 14454 
15181 26114 
16201 -8114 
-30971 -19622 
-29055 -21722 
-28227 21426 
-29511 -1794 
15221 -22774 
6641 10710 
25645 3426 
5673 -25170 
-5147 -6470 
24929 -19322 
-19811 -27886 
-9319 -12706 
-26539 29290 
25809 19254 
32013 -6974 
-8951 -29938 
16581 18970 
9281 -4634 
-15491 626 
6777 -11330 
-6859 28106 
-24655 -25450 
-31251 -5086 
-27671 -22418 
-31323 -8838 
-10463 22342 
-15267 -24110 
18777 2334 
8725 -26326 
-13679 7670 
32461 9090 
15049 -2610 
-17787 -24358 
31233 -3930 
-19139 28978 
26681 28286 
20213 -2934 
-6799 -12458 
26541 -29982 
-11863 29486 
-8347 -27590 
3297 -17914 
-27107 28818 
30489 990 
27605 32746 
-4015 -20298 
16525 8770 
22665 8334 
-3003 -18534 
-28735 -19610 
26365 -24590 
30201 -14018 
30901 15178 
-5327 -15850 
2413 -5726 
-12439 -530 
-1755 2810 
673 -9018 
10205 -174 
25817 -16738 
30101 9898 
-10735 886 
-15795 -7934 
13897 2894 
-4603 -29094 
25985 13862 
-10051 -29006 
17337 -7170 
25205 16906 
-20239 29910 
27437 2146 
-29399 18606 
-11547 16826 
-18335 -16506 
31133 19986 
4761 14686 
16213 -29334 
31697 5686 
1037 24514 
-11255 -18930 
-22587 9498 
-1215 30950 
2685 15730 
-11911 -16706 
3125 2250 
14001 -6250 
-29459 -6366 
2793 21358 
27813 14458 
11809 25158 
-29859 23762 
-32679 29726 
-14059 -19414 
-7791 -5898 
1485 -24958 
12745 8398 
8581 31706 
20737 31654 
-963 -21454 
7993 22910 
30197 -28790 
31857 6742 
28333 -31262 
18601 7726 
-14747 -4294 
25569 -15098 
23837 11154 
-20967 28382 
4821 -25878 
1873 31670 
-14451 -25278 
20361 19342 
23365 -28006 
26305 15974 
-20995 -9486 
11513 -19394 
-24651 -10678 
-32207 3350 
4205 -7006 
18025 -22290 
-8155 26106 
22945 -6202 
-4387 -17838 
-25639 10654 
7317 16810 
-4847 -12682 
18765 23554 
11593 13902 
21765 26970 
15489 -16090 
8125 -13902 
-1351 -12546 
-30347 -8950 
18417 -16426 
29229 866 
1065 -3154 
-17947 -25414 
3937 -13690 
16541 2322 
18841 -23458 
-6571 -22422 
-27951 -7882 
-29939 -9534 
-13559 -7922 
3781 26 
-11711 998 
20861 30834 
-30599 -22082 
13109 -23606 
-12879 12950 
-27667 -7646 
-32279 -402 
21413 -27782 
-31455 27974 
21085 6098 
-18599 -8418 
28693 -12502 
-1903 -19466 
-29491 6530 
10441 19406 
-30587 22234 
10241 1702 
17213 -6350 
-10695 17534 
-25355 10890 
4977 25942 
30125 -32542 
-16471 -14034 
-21147 19002 
-17695 -12282 
9245 -6510 
-6887 -9762 
-17963 -18966 
7761 18102 
20109 6210 
18057 30350 
-15803 28058 
15809 -13978 
-2819 5618 
-7175 -24770 
-14667 29002 
6449 22550 
5997 -8286 
-17047 21486 
-14555 -16134 
-20319 -3386 
-18979 30034 
-11559 -27490 
-15467 23722 
1041 -26250 
-12211 -10494 
9289 24910 
-17403 17498 
4993 19494 
26301 1202 
-20039 -17922 
-20363 30730 
-8463 2774 
31021 -414 
31529 -24914 
-24347 -2118 
26209 -10874 
1949 -15342 
-32615 3934 
-29355 -15510 
-22063 -21450 
4621 21954 
-15863 3086 
30149 -9446 
-22207 -28954 
-26499 -19598 
16249 -27458 
23093 16074 
25777 32150 
-25875 -8926 
-1815 -22162 
15013 -4486 
-9183 30790 
6493 -11566 
-4519 18974 
5909 -5590 
3985 32502 
5069 -27518 
8137 30414 
-4219 12762 
-255 -28250 
-30147 8754 
-29383 12158 
-15371 -14966 
-21903 -20394 
31917 31714 
13993 29742 
-27547 -23238 
4577 -9466 
-5347 -24174 
7193 17630 
24789 -12054 
13649 4534 
-10867 -27838 
15753 -24178 
10565 18586 
5313 21606 
15357 20722 
-25863 -30146 
-4683 3146 
-20431 -23786 
7789 -9566 
13417 -274 
-20955 7162 
1953 -570 
31965 12370 
2521 -98 
27285 30634 
6929 25718 
22349 20994 
6985 -29618 
8965 8026 
-5503 -10458 
-21059 16306 
26809 -23298 
-10379 4874 
30193 21974 
-32723 -1694 
-3543 18862 
-30747 21178 
-17055 -8058 
-12643 32530 
-18535 31326 
13397 -8598 
-16175 30518 
-26355 -12094 
-18167 14094 
-9019 -18918 
-32703 6630 
-8323 -4494 
-2439 32702 
-32459 -9782 
-1103 -14186 
-24083 -10206 
28649 21614 
8613 18810 
13089 -31930 
-8099 -29230 
9561 -19170 
-16875 1322 
9873 18934 
-25907 3970 
5833 -24114 
22149 3290 
-10751 7334 
-11971 23858 
17465 6782 
-5387 24714 
16753 -1194 
-31827 30434 
-21079 7982 
31589 58 
26849 -6650 
-19939 23698 
21273 -20514 
2005 -5142 
19537 -9034 
23693 3650 
13449 -13170 
-28603 9114 
-5183 -8346 
-32003 -29710 
20985 30014 
5301 -22710 
18225 -4586 
9581 -10846 
-21655 -22034 
-27355 30458 
24225 2246 
17373 -5294 
16601 27294 
4501 -27990 
12817 12150 
-8627 -13054 
4681 -18610 
-30203 -1446 
-15999 25126 
-2883 31410 
8121 -28674 
-395 -20982 
3313 -24362 
-30931 -2974 
26921 -2898 
28389 -21062 
5217 -5242 
-27235 14866 
-4455 -6818 
-9387 -1686 
-10287 16950 
8205 19394 
-20471 25102 
17349 -28390 
22337 -23322 
9853 10610 
-21127 27326 
-22475 29898 
-27983 5014 
-22291 -11486 
-6423 -146 
2213 -23430 
-30175 -29114 
-22691 18642 
23641 8222 
25877 8234 
15761 5366 
8653 -30078 
3529 -13106 
-17019 -6182 
-21247 -22618 
6205 -26574 
-1223 1406 
4597 -1142 
-10127 18006 
-30035 29154 
9385 -13778 
25189 23354 
-16415 -3834 
31005 6034 
-30183 6878 
-20779 1770 
25425 -22602 
-7283 -30398 
11145 -2162 
-2235 -358 
-15679 27238 
-13827 -14606 
2297 24638 
15285 16970 
-8655 14614 
11373 -12126 
8809 21742 
31781 -11782 
-19039 5062 
2781 -22958 
30681 -10850 
-18283 -21078 
18705 -1418 
25933 18434 
2377 -7602 
-3835 -10918 
-26495 -4826 
15293 -19022 
-10567 31486 
9589 18698 
-23567 -5162 
-29139 -4254 
-8151 -24658 
21989 2234 
27489 -2426 
23709 -2798 
9625 20574 
-32171 5226 
-4399 3382 
-22771 -14654 
-22775 -29426 
-21819 27674 
11841 12262 
28029 25714 
25721 21950 
-12491 4042 
10673 24214 
-20499 -12766 
24041 -21906 
-4187 -134 
-7903 -26298 
28253 978 
-27815 -29922 
3093 15146 
21649 -8202 
-22323 1410 
1225 -2098 
9349 -15654 
-31743 12966 
24381 -11470 
-19911 -3970 
14581 -26998 
28529 -28330 
-28243 27874 
-25687 29998 
18789 -18886 
5857 -1018 
16413 -11630 
-16103 -31266 
21973 8682 
31313 29366 
27277 1090 
8841 8846 
24133 -9830 
-26175 -2714 
4349 498 
-16391 19262 
25269 -8886 
30001 -31722 
13165 -13406 
-26263 -18 
25381 11514 
3233 7878 
-11811 24914 
-20775 16542 
24469 -14166 
24593 -14986 
-5043 -15614 
73 3406 
22533 -20390 
28545 30758 
-32067 -3918 
-29255 26110 
19573 -7158 
15089 14038 
-27347 -5534 
22313 19118 
15589 25530 
-15775 390 
9117 -20462 
23705 -17570 
10581 12138 
1489 -10186 
11789 16834 
-25079 -18418 
4549 18202 
1345 -17690 
-19331 -24718 
7033 16574 
-2507 -21814 
-16207 -22122 
-18707 -14046 
-11031 21870 
-10587 23162 
14369 -23482 
13661 -16686 
-13735 -2530 
-19691 22058 
27537 -21770 
12237 -32638 
-1079 8910 
-29819 -25126 
23297 -16986 
-22979 3634 
26937 -9346 
24565 12682 
1649 -9130 
-26451 26594 
4777 8238 
12389 4410 
28129 1798 
1821 -29294 
-2023 -3874 
-811 15594 
-28335 15798 
-3699 32578 
6537 19854 
-15035 -19302 
28865 -32666 
22525 15602 
30457 13886 
-30283 30794 
3121 -12522 
14957 -14686 
4201 -21778 
18981 -30726 
25505 10694 
-26403 7250 
-6695 -21602 
1685 -7254 
30481 -28554 
29517 15874 
-2231 14414 
-16635 -29862 
18049 806 
-13891 11186 
17593 20734 
29557 32522 
-11791 -32298 
-25555 -6814 
-12759 -2642 
9189 -16710 
6497 3206 
-5475 27410 
-27751 9822 
-12203 19050 
7377 -23754 
-19187 -17214 
-27383 -7410 
30917 8730 
-9151 17894 
-1155 -9614 
-11655 11198 
7477 17866 
22449 -2922 
-16915 -15326 
19433 110 
-16987 -19078 
-28895 -20666 
-931 31186 
345 24862 
23061 28970 
-32111 30198 
-18739 -1150 
-3383 19918 
-3451 30938 
12801 18598 
-4803 18738 
8249 -14722 
-30987 -13174 
-25231 10070 
-24659 25314 
-30295 -13522 
5989 27706 
-15135 4614 
-12771 18578 
12057 23518 
-23595 22506 
-22447 2230 
30861 -1470 
4233 30862 
11333 -28774 
18369 2918 
-24835 30706 
11769 8510 
-20299 4938 
-23759 6678 
16749 -15966 
-30871 21998 
12581 -7430 
-17759 13510 
24541 -10414 
7385 5790 
-21099 -342 
-29167 23414 
-1459 -18174 
-4535 25422 
9733 26202 
7553 -29146 
4285 26290 
-1095 15358 
-25995 6666 
26865 -13098 
-23763 -8094 
17705 -24402 
2789 6586 
28769 6022 
-20067 9746 
-13671 -28322 
30549 25962 
13265 28214 
15373 14274 
-29687 3598 
-8251 -742 
-19647 -12058 
17021 5490 
-30343 5822 
17461 -7990 
-4431 16278 
-15123 -16606 
-15639 -21650 
-23387 4218 
-6623 -17850 
-15523 13522 
14425 -13282 
277 -29654 
-26223 16630 
15821 30338 
-5687 30926 
22917 21466 
2305 -11354 
13373 -31694 
-10439 -20098 
-21003 26506 
13425 29270 
-22867 24034 
169 30254 
-411 -14534 
7137 7430 
-27363 914 
26137 -14626 
19157 29418 
-16559 -11338 
-115 30018 
1929 -23666 
-27835 27290 
7873 -27034 
-6659 -19726 
-6919 3134 
-10315 -20918 
14897 25878 
18541 -17246 
-407 238 
6181 15866 
4513 16326 
9949 -28078 
21465 -32354 
21653 6570 
-23279 9846 
-32435 13314 
-6839 -29106 
-29435 16730 
-2943 6438 
22461 -24142 
-19783 9982 
-16011 -19190 
-15 6102 
-21971 -9374 
-17367 19374 
-3611 29882 
-14495 8838 
30877 -7918 
409 -930 
7765 -32662 
19153 14646 
-15603 -19774 
-31991 14606 
18117 -10214 
-30143 23526 
-30339 20594 
16505 446 
27445 31690 
-31311 -30058 
-13331 -17886 
14825 22126 
-29787 27514 
15649 -15034 
-30115 -4142 
28505 14110 
-22507 -22742 
-20335 3062 
-15155 -3710 
-7991 -23602 
-16251 11994 
-8191 24230 
31549 -16590 
-29127 -25474 
-11019 650 
-13455 -17066 
-21075 22754 
30633 8494 
-6811 8762 
29409 10246 
23581 -16750 
-25319 12766 
-3627 -29206 
-10671 -24906 
-31091 -4030 
-375 -12658 
-1467 17818 
-2623 8550 
11517 -4622 
-25607 -2242 
-331 18762 
-11983 -20458 
20333 -18526 
30057 -21522 
-219 -26374 
26785 19142 
-4643 19794 
-29991 -4962 
-1131 13482 
-17391 -3722 
2125 -20734 
-9143 -18098 
-3067 7258 
-13439 -23514 
-24899 -9038 
27065 4606 
-6027 20490 
-26895 25302 
-20179 -10654 
13097 -2386 
-10011 -12358 
7777 11654 
16285 -25582 
14489 26462 
-15019 -25750 
25041 1078 
18957 11714 
31241 25614 
-21051 -19686 
24897 -6426 
-12163 -29838 
-2183 -4930 
-28107 5834 
7345 -10858 
-11539 -19166 
-20247 366 
29349 -14726 
-27615 -12218 
20829 -21806 
-22951 -24034 
20245 -15830 
-14447 -10506 
19405 27778 
-10295 -12594 
10117 2522 
-18687 -5722 
-15811 -1486 
17721 -30850 
-1035 -25206 
25201 2134 
-19283 21474 
-4439 -13266 
-13211 32058 
-13855 13062 
8989 31122 
-11239 -25378 
-26411 -22294 
-4783 27062 
3469 27458 
-2679 -1650 
24901 8346 
-13119 -21402 
29693 10482 
21241 -7618 
9653 -7094 
26673 -1258 
22125 -19806 
-5015 22254 
-6619 -3078 
-16479 21958 
-19235 2130 
-15911 22430 
-23915 20394 
-11503 -17290 
-28851 10754 
-11447 -7090 
23301 -2214 
-23935 12070 
-6723 6066 
8377 -770 
3957 -5366 
11761 -21034 
-18387 -11934 
-21975 -24146 
-16411 10938 
30049 14470 
1693 22290 
28569 -11682 
27733 -18838 
30929 -12490 
-12019 -22334 
28937 -28914 
5317 -29158 
14401 29158 
6013 -14734 
-20871 -10306 
-18123 -20022 
-19535 8342 
-9747 -20446 
10217 -21394 
22949 8570 
-5343 -9402 
6237 26066 
-8871 3358 
-2539 -8918 
-8559 -24074 
-11571 -6270 
-12599 -1586 
-29051 -6950 
-29183 29862 
2365 13618 
-967 29310 
8949 14474 
-1679 21334 
-17491 20194 
26025 30510 
-19611 -10182 
8417 15878 
-5603 13458 
2841 2014 
16341 -15382 
1105 13494 
-27507 -6590 
-4983 9358 
-14267 -1126 
-23615 14182 
-17667 25586 
2553 -12994 
19637 32586 
-207 17942 
23917 -21086 
25449 494 
-13019 20218 
5793 24774 
31709 -15534 
-1831 -15714 
18837 27306 
-5615 -30858 
5709 -23294 
-13751 3918 
-15867 -11686 
31105 -17882 
11453 21170 
-10311 -6146 
13941 -31222 
-15119 -1834 
-16595 -13214 
8489 19630 
-22811 -31302 
-13215 17286 
-12899 4626 
-22887 15710 
4949 -11926 
-28719 -26058 
22541 9154 
26633 -17906 
31685 26906 
3905 -794 
24189 370 
25977 -15682 
-8139 19658 
19121 27542 
-7955 -21726 
-24855 22382 
16549 31866 
16929 -6586 
-8355 8402 
5209 30750 
-25323 -2006 
-2671 27894 
22989 25218 
-14903 9422 
-2683 -16422 
25857 -90 
20541 28722 
-19655 23934 
18933 -11382 
-28559 -25002 
-15699 18914 
-9047 8750 
-26011 13114 
30689 18694 
-20195 -4206 
16921 29406 
-6443 -8470 
6993 -74 
7053 24898 
-7287 20366 
12101 -10598 
31425 -15770 
509 -24846 
-16135 -18370 
29621 6730 
-27087 -28394 
25709 -22366 
-9623 -21266 
-19419 -22022 
28065 27590 
17117 32338 
12249 11678 
-3947 -31318 
273 21110 
-25267 8194 
-16055 14926 
10501 -21158 
20609 17702 
29629 -29262 
-28999 -11522 
23925 8458 
23537 17366 
-14803 -14494 
-26583 -2130 
-29211 -8006 
9057 20102 
-27491 -13038 
-8807 -22434 
-17835 -5014 
-22831 25910 
-8435 -24894 
24329 -6898 
-7483 17434 
-6591 -30746 
-23171 15474 
7289 -21058 
1845 -6198 
-7759 -18794 
-6163 -23006 
5609 622 
10149 -10374 
-26335 -3770 
-22947 -9262 
19289 -7394 
17429 4906 
3217 14326 
-7987 -8830 
-17207 20430 
23685 -25894 
15361 -30042 
-26819 -21710 
27193 18558 
28917 28298 
10097 -5802 
-13907 17634 
21417 -13010 
-32411 -29126 
-12575 21510 
30749 -21870 
31001 -8738 
-29227 -1558 
12881 -13642 
-23923 -9150 
-9591 31374 
-27067 -20070 
20929 19814 
18685 -9742 
30713 -23746 
-25931 -19126 
11569 -9194 
27501 -23646 
20841 22510 
-25819 1274 
-15199 30406 
2525 14674 
26329 -26466 
-26731 -24406 
6161 7542 
9293 -25854 
-18359 25934 
-28667 -30630 
10113 -12250 
-17731 -14158 
17849 -16898 
-31627 -17398 
-3343 -28970 
-13011 -15774 
3881 -23890 
29925 15290 
31329 22918 
23453 -30702 
5273 4958 
24917 1898 
-16943 12342 
26125 6594 
22025 4110 
18885 7962 
-17087 4838 
-4995 30578 
-11399 -26434 
11829 -32054 
30897 406 
-4371 -24286 
-29463 -21138 
3749 12922 
-4063 -954 
27997 -26926 
-32167 19998 
-5355 11818 
9105 758 
26573 22658 
-19511 31438 
-15483 30170 
4865 5542 
-8643 -6606 
8505 13182 
-26635 2442 
-16783 13398 
-12115 16354 
-13655 30766 
26725 -5830 
9697 24326 
16157 26002 
-20455 18654 
13525 5354 
18769 -27210 
10637 22338 
-11895 -23154 
-699 -29542 
10433 -10138 
-28675 5362 
12025 -29122 
-15947 20554 
-15311 10006 
29293 -24926 
-14231 750 
-32219 24570 
7073 -32314 
-12067 -2990 
-25127 926 
16021 -17494 
12049 -6026 
-21683 5634 
-20663 -28594 
-2299 25434 
-383 23334 
445 946 
-839 -22274 
-21643 22282 
-30223 -9770 
-11219 -17054 
-31191 19886 
23525 -26950 
-11935 25734 
8861 17170 
19353 32350 
2133 8810 
-11055 -1226 
-4851 -27454 
19721 15118 
-20283 -1510 
-27583 -25114 
13181 -19854 
-30087 -31810 
21813 7626 
4017 19606 
-2579 -25566 
1001 22638 
-2651 -29318 
18209 1862 
13405 20946 
-18087 -18146 
-28139 18730 
14993 -12810 
-4403 -11390 
-21815 -23090 
10885 20698 
-5631 -24410 
9533 8498 
-10183 7806 
-16651 -23414 
21873 32598 
-10323 15074 
16809 9006 
20325 17466 
31969 27142 
1565 8338 
-6375 -19490 
-9259 12266 
24657 24758 
-20339 -11710 
-14199 -12146 
25669 26522 
-63 25446 
-10499 20466 
-6663 31038 
-5963 -5302 
23345 29206 
31085 -26206 
16233 -21010 
26917 -17670 
29345 -29498 
-26659 -20654 
-11047 28318 
-6763 -10582 
17937 -19594 
12877 -28414 
-22967 -17586 
24069 15962 
-10879 -6618 
18621 16050 
-19527 -27650 
-11659 -3574 
8433 9430 
-9427 -18334 
-727 -1874 
17125 -3654 
10337 28550 
-5731 -494 
-32103 -5794 
-20651 15722 
-5167 -14794 
29709 4034 
17417 26126 
6085 -10982 
27457 10470 
31357 -4750 
16761 28350 
31797 -18230 
-22863 -26730 
-787 -26846 
31465 878 
-9051 -6022 
-25055 4678 
-1187 3282 
-4007 9246 
14613 25642 
20881 -26378 
30157 20098 
-24119 -12082 
-28283 11226 
-16127 11174 
27709 23602 
-28871 2430 
-6667 16266 
-5007 -13738 
-8531 13794 
-18263 -12754 
13925 -24774 
-11295 29958 
-13027 -9326 
7705 7902 
-32043 19178 
30545 11190 
14221 19778 
-16503 -1138 
-13499 17050 
-10559 -4506 
7677 -29966 
-25351 25662 
4021 -31158 
-3535 -17130 
-32659 -27486 
-18839 22766 
20517 5626 
-13919 -26682 
24285 27218 
3033 -9826 
-29547 -3670 
23825 32374 
-18099 3074 
-25271 -6578 
-15099 6490 
-21375 28966 
-28739 31154 
27321 32510 
-1675 -29430 
-18447 28630 
-7635 -19614 
29737 -23634 
10725 19642 
32609 31366 
-20323 -18158 
-18023 21598 
22101 22634 
721 -28362 
-1267 -30014 
15113 -28402 
32453 -20454 
16961 -19482 
-16003 10354 
-1927 22974 
-23755 21450 
15793 -7530 
1005 -28126 
-3607 -20882 
-15451 17274 
-2783 7494 
-15779 -14382 
10073 -28898 
-8171 32554 
26769 25590 
-819 -13950 
-26423 -1074 
-1915 1754 
-26623 -18778 
-19651 -26830 
17977 -2946 
3317 -9590 
-31887 5462 
-6739 12514 
12201 31022 
7525 -1478 
10977 -32762 
-27619 -26990 
21785 -30242 
10709 26090 
-29103 -2378 
-16755 -14270 
-18807 9870 
12869 7578 
-21055 31078 
25853 -14862 
21497 20286 
14005 8522 
-30415 2070 
-30867 -28766 
11625 1006 
14117 28922 
8353 -23866 
9693 9554 
17113 17566 
13205 3242 
29713 18806 
16461 -30974 
-27575 4430 
11269 -2982 
-31871 -986 
-10563 -19278 
8633 27134 
8309 10250 
20209 -17706 
-5843 -20894 
-5335 20142 
4325 -22598 
-10655 -31354 
30621 29714 
-3943 -16546 
-683 29546 
6609 23606 
-32243 1474 
12809 -17394 
-6715 -29926 
6465 16102 
2173 25458 
-20615 17598 
-13771 -4406 
-11087 11670 
2797 -29406 
26857 22894 
-21851 -24966 
19489 10310 
-30371 -32046 
24153 -1506 
-30955 -26070 
32657 12022 
-31795 17538 
-28727 9934 
24453 -7718 
28417 16806 
-1475 -11726 
-711 -8322 
13301 30090 
6769 24662 
-4947 11234 
-22871 9262 
1125 21818 
-32287 -29946 
23325 20882 
-29671 -2850 
-12075 -32534 
-23215 -15946 
17805 17218 
-21111 20878 
-26299 -1894 
-31551 1126 
-21507 242 
2809 14910 
23989 -17334 
8241 21270 
-29075 -30046 
-23447 -20754 
7717 -13318 
30625 -21050 
-4899 -8110 
31193 -20578 
-9579 10154 
-29935 5238 
-14515 514 
-29879 15438 
-27899 -12454 
23169 -30938 
7613 -4174 
-10055 21758 
18293 -15606 
-6671 1494 
-4051 -22174 
25129 -1618 
-2075 698 
11617 -28538 
16029 12050 
10137 10846 
-23467 -29078 
12497 10038 
2317 -32574 
10505 -6386 
19653 26138 
-4031 -13850 
20349 -24974 
26233 12222 
-3787 -30262 
27569 30870 
4589 -30686 
-8215 1134 
-28251 -1670 
-23775 13126 
20573 15826 
-27303 25886 
11797 -19158 
-26991 -1546 
2765 -16510 
-31031 20942 
-14715 -17190 
17921 -13146 
16701 3378 
-19399 -13698 
23285 4234 
-20111 -21674 
-3155 9954 
7593 -12498 
-5275 -20422 
-10015 -27130 
8733 3218 
-15591 24542 
30677 -25622 
-17327 -29514 
-13171 -16830 
-23415 31886 
69 -11366 
23489 -28826 
-3331 15346 
-15879 9534 
-31563 22346 
-18639 -25066 
-27283 -31326 
7017 23022 
1317 9978 
-12639 -18234 
-19491 -25774 
-20263 6814 
-32363 17066 
-24047 -8330 
20045 32002 
-32183 26446 
-1531 -21926 
12673 4646 
25789 10930 
-28743 16382 
28277 24074 
31985 20694 
-2259 -23454 
-9943 -23378 
-8475 23994 
-31647 -25722 
1437 -5614 
24217 -27298 
19285 -22166 
18385 -3530 
-28659 -1086 
8201 4622 
-19515 16666 
-14527 21734 
-27011 -9870 
7545 6846 
6197 9418 
689 -15466 
6381 -31966 
22249 -20626 
30885 21626 
-1503 15942 
5981 -1838 
-13223 -12258 
-10987 -12246 
-21103 -15114 
-28211 14978 
32201 31950 
11653 -26662 
7425 22438 
-30659 18482 
27449 -19074 
-32267 -21622 
18545 -2474 
-1363 8674 
-27479 31278 
-11675 2874 
12257 -24314 
-5859 -14446 
-1511 -13602 
7893 -18710 
-11439 22454 
21389 14658 
-25719 -22642 
26437 -20838 
12993 6758 
14845 30450 
30969 4158 
-21579 -3510 
20017 -5866 
-25491 -32606 
-28055 1262 
-5083 -32262 
9633 -15418 
31453 22098 
-6183 -31330 
10389 23978 
-18159 -21898 
-10931 -2046 
31049 -28082 
24837 -31398 
2177 -25306 
-21571 26034 
18105 11006 
-27275 -1782 
5105 -25642 
-467 -24734 
20521 20398 
-14875 -18246 
-9375 -22906 
-13155 -23278 
-27239 94 
-3499 -15254 
24273 -17098 
5901 30402 
5897 15630 
6853 7194 
-25023 -8218 
-8835 5234 
-11143 1470 
16181 -16438 
-26191 3734 
8173 32290 
-12823 23150 
24485 -20614 
20769 18758 
-8611 -19502 
857 15134 
31765 -5334 
-15215 -28682 
6349 -19070 
29897 -22578 
-27515 29402 
-3071 -7514 
-12483 -31950 
8761 -24450 
-22283 18058 
-8335 16726 
429 7394 
2985 9518 
-18075 26170 
-31007 -21498 
-20451 -32110 
12569 13790 
-14891 -11798 
-5551 8886 
-9587 -19390 
-28023 -11634 
-12731 -30310 
2497 -23194 
-32515 -19982 
12281 -1218 
-11595 -29366 
-6863 13334 
-23699 31650 
2409 -20498 
-11483 -8966 
31905 -12602 
16861 4434 
7897 -3938 
-12395 30890 
-12271 30070 
23629 29442 
28745 -17074 
-14331 24666 
-8319 10278 
-3395 -24398 
-583 5630 
-17291 -27638 
-21775 -6442 
1325 -26014 
-14551 -1362 
-21275 5050 
12897 -20090 
-27747 24594 
-13159 27486 
-26283 -8342 
30161 -30666 
-25075 -3646 
3593 26638 
-32315 -2278 
30017 27366 
9341 20338 
-29831 -3906 
26165 23242 
12465 22934 
9965 31010 
17641 1390 
18085 2682 
-22495 21574 
-23203 28370 
14937 -23010 
8981 1578 
-9327 23286 
-24627 12418 
27593 -11570 
-1147 19930 
-13567 28070 
5693 -16846 
-9927 -29826 
-12299 -7798 
30321 -29610 
2221 6114 
-32087 -12242 
-24475 -16070 
-8735 -18682 
30493 15762 
26649 -24354 
27861 -4886 
337 -4682 
24973 12098 
-30327 -626 
13637 25754 
-7999 12390 
-14339 -4878 
-6407 -6594 
-1611 10314 
31793 32534 
-21907 30370 
-32663 23278 
-17883 14330 
-11359 -9786 
2269 -13230 
21977 23454 
30357 -27734 
-6383 16502 
-7347 -4606 
26441 -6066 
12037 15194 
-18815 -19674 
14781 -9294 
-19271 254 
-7307 12042 
16881 12758 
3117 -27294 
15913 -23122 
-27675 28346 
-30367 -17274 
23197 6930 
921 -10658 
16469 -1430 
-29487 21302 
9485 27842 
1289 -27890 
-5947 -11750 
19521 -2586 
27517 -30094 
17017 -9282 
-29387 -2614 
-14415 -23402 
11757 29730 
-17431 -20370 
11685 25978 
-223 24390 
27741 10706 
29017 4382 
-13803 8490 
-3439 9718 
9933 -21630 
25289 -562 
25221 10458 
-24063 -1882 
23869 -1742 
-28615 30334 
-2315 31882 
3441 -10410 
4013 4834 
-1623 31534 
-30875 7226 
13537 -15866 
15901 -1902 
-24807 3038 
5077 2026 
6225 -18250 
-6003 -21950 
-32631 10382 
-25531 16282 
-18495 -17562 
3837 10226 
-25095 -11970 
8373 -15542 
4913 -13802 
-20115 29090 
-2199 1518 
-24283 -27910 
10913 -6970 
-12323 -30894 
-29479 -14690 
7573 -20822 
-495 2934 
27213 26882 
24137 4942 
-27131 5722 
-29311 15910 
-32579 5810 
27577 -5122 
2677 -13814 
-9999 31958 
4909 -28574 
-19159 20654 
31461 -13894 
-8095 -14458 
8605 -10734 
15001 16734 
-6315 5482 
-23599 7734 
-21491 -6206 
-1015 -16882 
20421 -21222 
9025 -32538 
-19843 -14990 
-1671 -14658 
-19403 -28470 
24241 -4202 
13549 28450 
13033 23406 
5285 -16262 
22049 27206 
13149 -6958 
-22439 31774 
28949 15402 
2449 -3850 
-21043 9858 
22985 10446 
-13947 986 
30977 -31834 
-23491 13362 
18233 24958 
7669 6026 
-23439 8790 
5805 3554 
28841 9774 
28261 30522 
-29727 -13050 
1309 -19566 
-10727 30430 
-17707 8938 
12113 -31818 
28557 9538 
30601 21390 
837 6810 
-28991 18022 
22013 25330 
21753 -17346 
18357 24138 
-21967 5398 
-18323 27810 
28265 -20242 
-30683 -4614 
-32351 -4154 
-26915 16978 
-15399 12702 
-15211 -13910 
5393 -10634 
-3763 -7166 
21833 15950 
-763 -3750 
25729 -14042 
-14403 20914 
8889 -10498 
12661 25866 
28657 -14378 
6701 -29854 
11305 -1106 
25061 9402 
14177 -11642 
-5987 -28398 
29081 -21410 
-29099 12394 
-17711 -5834 
13069 25282 
-3319 -5874 
-18747 -30694 
-1471 3046 
-1667 114 
-20359 -20034 
-9419 11210 
-2639 14998 
15341 27170 
-22039 1646 
-1115 7034 
-21215 30022 
-1443 -24622 
-8359 -6370 
6165 22314 
8337 -17418 
13517 -24190 
20681 21454 
12421 -8486 
20481 3750 
-5315 28466 
-455 19582 
17653 -19830 
15217 27990 
7597 2274 
-6231 -11986 
21861 -11718 
-7455 -10234 
-13283 28306 
3353 -7714 
25045 15850 
18001 20150 
-2419 -24510 
28297 32398 
27205 -2662 
26049 -11930 
-25347 -25102 
3065 -22722 
28341 -1718 
16689 24598 
-16531 26530 
-6807 23534 
28453 18682 
-10079 -1338 
24029 -686 
-1319 -25442 
27541 -6998 
11281 -24202 
30797 24322 
19529 26958 
25605 -13222 
15233 21542 
3773 -29518 
-9799 -15874 
22645 10 
1777 4822 
8493 -31134 
-23767 -22866 
18661 32698 
-29087 -8826 
-20579 19474 
-22375 5982 
13653 19306 
-11823 -19402 
-17907 -8766 
-5623 5134 
7621 25370 
-11967 -26906 
16509 15218 
26489 -25410 
565 -14646 
-29519 -31338 
17133 25890 
8425 -20114 
-7515 30330 
1057 -32698 
-16035 23250 
5721 21022 
-16619 29226 
14225 -30986 
-17459 7298 
18377 32462 
-26747 -17958 
9985 -26202 
12861 -21966 
-19143 14206 
27637 19850 
-11663 -18346 
9389 994 
24233 31790 
15461 11578 
14817 -7418 
-27875 10642 
17433 19678 
2261 22762 
23889 6582 
32141 6978 
25993 -22130 
-11963 -12134 
15553 23654 
-7171 -9998 
-15623 -28098 
-27211 -27574 
-10191 -21738 
-14739 25250 
23657 1774 
22053 -23558 
12193 1478 
9437 -18350 
12761 1950 
4757 -86 
17169 27766 
-179 -9726 
17225 -27570 
-13563 -22694 
4737 -8410 
21949 -14414 
-28487 -21250 
32629 -25846 
-25103 24022 
10285 -32414 
6697 20910 
12261 -9542 
-6815 -6010 
30365 1810 
-8295 -32162 
-9131 26218 
-5935 32566 
16653 22722 
-7927 16142 
-31547 15898 
-22463 8678 
-30851 30322 
7801 -30786 
10549 25034 
9137 -12138 
18925 24610 
-26647 23662 
-13915 -11910 
23329 -29882 
-30627 5586 
19801 -17122 
26133 -29398 
20113 20982 
17101 -26750 
16073 -22066 
-379 -27430 
-511 9382 
31037 -6862 
27705 8830 
-27915 -6006 
26993 854 
11181 -286 
-10839 10030 
9061 -30662 
-28447 -4602 
23069 -7022 
31513 -18466 
-20523 29674 
29777 -6986 
1165 -27070 
23689 -11122 
14405 -21606 
5057 -6298 
11005 5106 
31225 32062 
-17227 12106 
28465 -2538 
-12947 23970 
-11415 -19986 
15653 -262 
-31071 4294 
-5155 29522 
26841 29342 
-18027 6826 
23057 14198 
-31155 21762 
14921 -16562 
12805 -32166 
-5759 27174 
-25411 690 
18361 -26626 
-22923 13834 
13553 -22314 
12077 31842 
-28375 -850 
5861 13754 
15457 -3194 
15773 -15854 
5785 -4770 
-31915 -32406 
-47 18998 
-14323 -11326 
-10231 27150 
-5179 6426 
32577 -21274 
-12675 -20110 
-10887 29374 
20533 -822 
-17743 7062 
20717 23330 
3817 1902 
-20315 11386 
-19935 -27066 
20317 -12078 
-31655 10270 
3349 -22486 
26001 7414 
-13875 4738 
13769 -11058 
25989 28634 
-11007 -20570 
-16323 8242 
9017 3454 
-17931 -31862 
113 20054 
12973 -1566 
19625 -11730 
2661 -7366 
-6175 -1786 
8477 -24686 
-19943 8926 
22229 -28950 
-29871 -20554 
-29811 4418 
21385 -114 
-24763 -31078 
-5439 29286 
29181 20210 
12537 26686 
-7243 -13750 
1585 16662 
-11155 22690 
19049 23790 
9253 23034 
-8799 7110 
-19747 11858 
-24615 -8802 
24725 13738 
28945 630 
3405 -12286 
12617 -5554 
-26363 23898 
-16255 -2778 
-7235 15794 
-327 -32002 
-12939 -12022 
-13327 -3114 
13869 30562 
2089 -22610 
-539 -28486 
-27807 -378 
1181 32018 
19865 22622 
10837 -25494 
5841 5430 
20237 20162 
-12535 -27378 
21189 -3046 
22081 14310 
5501 -5006 
-29575 23998 
30517 -26678 
20913 26262 
22509 22050 
-31255 -19858 
-26715 -30854 
2337 -24250 
5725 -29742 
-17575 -27874 
-19435 -15574 
31889 -6154 
20685 -29310 
11465 -50 
-13179 19162 
-21503 15014 
1853 23346 
-9671 -1922 
-7947 7818 
-26767 -26282 
14765 -2846 
-15447 32046 
-3739 15930 
16097 1030 
-6115 23186 
-5863 -29218 
-555 -22038 
-23983 31414 
4749 -29630 
19081 10894 
1605 24986 
-15935 -666 
-18179 -30222 
-6151 21310 
2741 25930 
-25295 -29674 
-9363 21410 
-16023 2030 
2853 -19206 
13473 9926 
31197 -5806 
-10535 18590 
1941 20650 
-30703 -12938 
-27571 19202 
10313 5454 
5 14426 
-26751 -32730 
10941 30898 
-19015 28158 
-2955 27658 
25329 16086 
15661 29282 
32553 21166 
-6939 -5190 
-5535 2438 
-13411 14354 
-31591 -15522 
-11947 -18582 
11729 -8138 
-10739 -13886 
-14839 -16370 
-17979 -12518 
11585 -15642 
23677 10098 
17273 18622 
-25035 13002 
-5967 -20074 
24301 20770 
-791 23918 
32421 -7558 
24609 -21434 
-8867 18130 
-3495 -482 
23317 -8662 
-27759 -19722 
-10291 2178 
9161 10958 
13189 9690 
-31999 -14938 
20029 -27086 
-28359 -7298 
2037 -18038 
11889 -7082 
16557 -4126 
15017 10286 
-10139 -26310 
-27167 3846 
-20707 5522 
8217 -1826 
-23339 -15126 
-18095 17846 
-26227 1858 
16777 21902 
27973 15514 
-26431 -30618 
-3 -15118 
-24839 15934 
12725 74 
13361 -10474 
-7571 20130 
14441 -19730 
-3547 4090 
-29791 12742 
16605 -23470 
3545 -19554 
-20843 27562 
-24815 -26506 
6989 -14846 
8009 16462 
26373 4954 
28289 2854 
29117 -19534 
27833 22782 
7029 1802 
-1551 -30250 
17453 28002 
-2519 -594 
-13339 18106 
16737 5254 
-28003 -3310 
-17511 11870 
30805 -11670 
17617 -21706 
23821 17602 
-17143 -5362 
8389 -21990 
1089 19942 
-23683 25202 
-1415 13246 
-15051 -12854 
32689 -874 
26093 19490 
29673 2158 
26021 15738 
-18655 -18618 
-23459 466 
10585 26910 
533 -1750 
-21871 32246 
24269 -31870 
6857 21966 
-25979 218 
23041 20646 
-27331 -11982 
18489 -12674 
12021 21642 
-14991 12118 
18349 -5406 
-20055 -11474 
-16539 -3014 
-4895 6662 
30237 -12142 
22297 25566 
19413 -8214 
-12207 4278 
8333 -32190 
14473 -32626 
-11195 6042 
28609 4966 
18173 -14 
22009 10558 
22709 -25782 
-13519 8726 
-5779 18850 
-20631 24046 
-9947 27386 
-7519 15558 
2013 24402 
17625 7838 
21909 -31062 
-18927 25462 
-23987 16642 
5705 27470 
-12795 -4518 
17793 -27098 
-18243 -4430 
9145 17406 
17013 -24054 
-28431 -11050 
19245 26722 
27945 -22354 
-19739 -24134 
-26527 8070 
22941 -20974 
-3431 -26274 
8021 -4758 
23505 30262 
-7155 -16446 
-19447 5646 
-30779 -31462 
-9407 -10010 
-5507 -25230 
-20103 7870 
-5067 26826 
5809 18326 
27885 18210 
-5399 -19602 
19621 -26502 
3617 -15802 
27485 -17198 
24665 -11234 
-22251 5162 
-15983 18678 
-6707 -382 
4553 -32562 
389 -9254 
12545 -9306 
-9155 3122 
-199 -18050 
22005 -4214 
23665 31318 
20141 -6686 
10409 32302 
-22939 20282 
17377 9478 
15645 -29806 
-29159 -12578 
-3371 -1302 
-6319 -9290 
-22643 -702 
12169 -21618 
15173 -3430 
18113 -24986 
-29187 15090 
3321 5182 
32693 13898 
25137 27926 
-3987 17570 
9833 2286 
-16347 -14854 
14753 18374 
-12579 6738 
31705 -30306 
-875 -24150 
-13039 11894 
10573 -17406 
3401 -27058 
13573 -13990 
7297 8486 
-67 10674 
-9543 12030 
26997 15626 
10225 8150 
21037 25442 
-7127 21422 
-26139 -838 
-4255 10886 
8349 26898 
10649 1118 
-14763 2154 
29393 16694 
27405 15042 
-21751 16654 
-4411 24602 
-19903 25574 
12669 -10126 
26745 2494 
4917 970 
-21071 -28010 
29677 16930 
25065 24174 
13221 -3206 
25889 -12986 
12893 30674 
-26791 16158 
20501 12074 
-10095 5110 
27853 31106 
2249 -21554 
26757 -18726 
2049 26278 
9021 18226 
-18887 -23426 
31989 -30070 
-3215 -15018 
21933 -7966 
-24663 10542 
-29339 -21958 
-25887 12294 
1053 18066 
-15079 14814 
-26155 5610 
-431 -22858 
11917 30786 
9865 -10610 
-23995 -12902 
7617 10598 
-11011 30194 
-15367 -194 
-22859 -11958 
-1743 -18410 
-2195 16290 
-25239 -19474 
-22747 8442 
-28511 21190 
-27171 -10926 
-19751 -2914 
-23659 -17238 
-7151 -1674 
-20403 14082 
1097 -16050 
-25595 -23462 
-3199 -21466 
18109 25778 
-28231 6654 
-28555 -10230 
-16655 27350 
22829 24162 
23337 -338 
-32539 22458 
18017 13702 
-6243 9234 
24729 28510 
27989 9066 
-30255 3126 
-3571 -19006 
-24055 27662 
21957 15130 
-30399 -4378 
30845 4978 
8057 -2882 
14901 -24886 
17585 -8810 
31469 15650 
-10007 2414 
6821 20090 
-17375 -10170 
-1699 13010 
-12711 -21986 
-2283 18986 
-4207 -8458 
-3123 -2942 
-55 -10546 
-12411 -28198 
-8447 -3674 
27197 -32206 
27961 -28802 
-23563 9610 
-30095 4182 
23725 -9246 
5801 -11218 
29797 1338 
-3615 15110 
-13539 402 
-999 -23330 
16597 12522 
5457 29110 
-19059 -3262 
7561 398 
2373 -22374 
-2879 -19354 
7165 -20238 
31481 -5570 
-12875 27722 
-28623 790 
-403 15010 
5225 24302 
-29147 31738 
-6239 24006 
23773 -28590 
-5671 24478 
19093 -10326 
-1263 -15242 
14157 -19966 
-1207 -5042 
773 32602 
-13695 14118 
-29251 -24654 
18617 1278 
-18571 29450 
22001 -18986 
24621 22882 
-11735 -22098 
26597 -19782 
-25247 16518 
-20835 -8430 
-26727 -9634 
5205 15978 
-24367 -10442 
30989 12482 
-26359 -26866 
-17211 5658 
24641 31206 
-16515 20082 
-10631 -8258 
24885 14794 
-9295 10390 
-32275 14370 
20457 -19346 
421 -22150 
4897 -7354 
-16291 -4654 
1369 5406 
-25067 25898 
1681 -22026 
31437 28546 
-2359 462 
13957 27866 
-18943 31910 
-20163 -17102 
9273 31358 
-13579 -16246 
8561 23382 
25517 -10526 
-29271 32558 
23397 24634 
18657 17926 
-28131 -17262 
13081 4062 
-6187 19434 
11345 15542 
15501 28226 
5257 11406 
28741 -31846 
-13375 16230 
25341 -5134 
12793 -10946 
-2891 1866 
10033 19990 
1389 13730 
-29847 2542 
29989 -10502 
16033 26822 
9181 19282 
8409 -13666 
-3691 -3414 
4625 -28810 
-16819 11522 
-3511 5966 
27141 23130 
-24191 -15834 
-11075 -9550 
-71 -4098 
-8587 3594 
-4879 214 
26413 21602 
18729 21678 
20197 3514 
-2975 19334 
30109 -26094 
-12647 17758 
-17579 22890 
-18479 -24010 
13 -21566 
-28663 -15858 
9157 -3814 
14145 1254 
1661 -30350 
-29319 -13634 
-30667 -11062 
29361 29590 
-30483 13090 
-14615 24430 
-5979 1146 
27169 -4538 
-30883 -22318 
15449 -32738 
17685 -32726 
7569 29942 
461 -5502 
-4663 11470 
-25211 18394 
-29439 1958 
-1987 -1998 
-9415 25982 
-3595 23434 
-18319 -22954 
27309 -11806 
1193 10798 
16997 -17606 
-24607 20742 
22813 30610 
27161 31454 
-28971 26346 
17233 1974 
-15475 -5822 
2953 22414 
-10427 24218 
-23871 -13722 
-22019 9970 
-5895 -16322 
7093 -23990 
-16847 -26346 
3181 12450 
617 -19218 
23589 12794 
-27231 29638 
-5411 1618 
22489 13726 
-26475 3498 
10513 23158 
17741 -22526 
-5815 16974 
-12027 13658 
30849 19750 
7101 5554 
-18759 -9474 
1397 -22262 
-31759 19414 
28205 20322 
-16343 -82 
13797 26810 
19297 22150 
15517 21778 
1433 -20386 
25173 29802 
-12591 27958 
-30963 9922 
-30967 -4850 
-30011 -13286 
3649 -28698 
19837 -15246 
17529 -19010 
-20683 28618 
2481 -16746 
-28691 11810 
15849 2670 
-12379 24442 
-16095 -1722 
20061 25554 
29529 -5346 
-5099 -25814 
13457 16374 
-30515 25986 
-6967 22478 
1157 8922 
25601 -27994 
16189 13106 
-28103 20606 
6389 -2422 
20337 -3754 
29101 -13086 
31657 -10962 
10597 5690 
-2335 23558 
8221 12946 
-24295 -6690 
13781 -32278 
23121 -11594 
19085 25666 
649 -32114 
15941 14746 
31169 21862 
-3843 25074 
-24583 -21698 
17077 15690 
21809 -7146 
4973 11170 
31081 24558 
17189 -29446 
-4959 32454 
-20003 -16046 
-28967 -24418 
16277 10410 
16401 9590 
-13235 8962 
-8119 27982 
14341 4186 
20353 -10202 
25277 20658 
28089 -14850 
11381 17418 
6897 -26922 
29997 19042 
14121 -21842 
7397 -15430 
-23967 24966 
925 4114 
15513 7006 
2389 -28822 
-6703 14390 
3597 -24126 
32265 6158 
-3643 -22758 
-6847 6886 
-27523 -142 
-1159 -24386 
-10699 2762 
-24399 2454 
-26899 10530 
-19223 -19090 
-18779 -17798 
6177 1094 
5469 7890 
-21927 22046 
-27883 -18902 
19345 2806 
4045 -8062 
-9271 -32050 
27525 -550 
15105 7590 
-31171 28210 
18745 15230 
16373 -28278 
-6543 15446 
30893 -14366 
-3415 -32722 
4197 28986 
19937 26374 
-6371 -4718 
-10215 20702 
-9003 -25366 
29009 -25162 
-11891 -8382 
-1655 -21106 
-23227 5274 
20673 -8090 
14333 -25358 
22265 -27074 
27061 -10166 
-5071 12054 
6765 9890 
-3991 2798 
10789 -6150 
17313 -30266 
30941 31826 
-14887 2974 
-6507 17322 
22289 -3978 
21325 -25086 
-10423 -26546 
-24827 -5286 
9857 25382 
-22083 -29774 
9401 -20226 
21365 -8438 
-19983 -7722 
31789 17762 
-20951 21934 
997 7866 
-1695 27782 
-13667 -13550 
29593 -31138 
-20395 -21910 
-815 822 
-27379 7362 
29961 17166 
22725 -32230 
-17343 -23066 
-9347 14962 
-19847 -29762 
-715 -23094 
14257 21654 
-25107 9250 
11241 24686 
-25179 5498 
28449 3910 
-9123 -9774 
-7847 -16098 
14869 -11990 
25233 -10762 
-26931 23426 
-11575 -21042 
-11643 -10022 
4609 -22362 
-12995 -22222 
57 9854 
26357 11402 
32113 -30890 
32685 -15646 
27049 11054 
-2203 -13254 
-23327 29190 
-20963 -22382 
3865 -17442 
-31787 -18454 
-30639 26806 
22669 23106 
-3959 -10098 
3141 -4198 
10177 27494 
32509 -10254 
3577 -32450 
-28491 29514 
-31951 31254 
8557 8610 
26473 -18962 
4389 17146 
-25951 -27450 
16349 14162 
-807 30366 
-29291 24234 
28177 -17546 
-9651 6402 
-12727 -15538 
1541 -14758 
-639 -4570 
-3907 -14670 
-9287 -25602 
31349 31242 
18673 11478 
-31955 16482 
9513 174 
-5403 31162 
20577 30598 
-28259 -31214 
-21863 -3746 
22357 -14998 
5073 -12746 
7181 -26686 
27657 28174 
-16443 23834 
-27839 12518 
8829 30066 
27001 30398 
9269 16586 
-12623 -24682 
-23315 7970 
-23831 2926 
-31579 28794 
-14815 6726 
-23715 -27438 
6233 11294 
-7915 -5078 
31121 -24330 
7629 -10622 
-13879 -10034 
14725 -19494 
-5887 13222 
5181 -7118 
-18631 4478 
-29195 -14454 
5233 -11690 
-31059 -16926 
-8023 -10706 
-8603 10042 
-1055 32006 
29981 25490 
17945 9950 
10965 -11542 
-24751 13238 
-8307 -10942 
-6263 910 
29509 -13670 
-319 -2458 
-14851 4850 
-15111 27710 
-18507 3658 
6705 -15082 
10349 7330 
-8599 24814 
-2011 -25094 
-3679 -24634 
1757 -3502 
13273 -7778 
13461 31146 
-31471 -31114 
24909 -27646 
-15031 -4530 
27909 -24230 
-11135 31014 
14269 434 
-27975 -30978 
-24203 5386 
-8207 30678 
-30163 15202 
-25559 -21586 
-11803 -11078 
-22687 -32122 
22685 16658 
-7783 23646 
-427 -8086 
10961 -26314 
-23795 4802 
25353 -26354 
9925 14362 
27201 -17434 
27005 -20366 
8313 25022 
19253 -9270 
26033 -5482 
-21523 6690 
6633 -18834 
27557 -13446 
7457 9542 
27229 20434 
20313 -26850 
-30699 1834 
-28527 27638 
-23347 20866 
-16183 974 
-24443 -28966 
-16383 -16730 
23357 7986 
28217 -898 
-19211 25226 
-21647 7510 
-29267 -18206 
22441 -32466 
-15003 -32198 
21217 -30714 
15389 7826 
32025 -28194 
-11819 -4630 
-18863 -330 
26253 20546 
-8567 11918 
-9659 -23142 
-10815 -32410 
3325 19954 
31737 22334 
-8523 -22198 
-20175 4118 
12141 6050 
21865 3054 
-8411 -1798 
18593 -21818 
-12835 -21166 
27353 19614 
-9323 -27478 
-25583 20854 
-6067 3842 
-17335 6478 
-11259 31834 
-21631 1062 
32445 15538 
18873 29182 
-14219 -20470 
30449 -15658 
-28371 13922 
4905 22190 
-18203 12218 
-415 -29306 
8093 -1006 
6297 -14498 
-23211 -1174 
16849 25654 
10765 -29246 
23049 -15346 
-29243 4890 
16705 18150 
-20355 -5262 
-10375 19646 
29237 30410 
-847 13718 
-19731 5410 
-28439 24942 
21157 9850 
29729 12358 
12637 2770 
-31143 542 
12053 8746 
-22639 14070 
11213 -13182 
-18487 11982 
1925 27098 
-26879 18854 
-24003 23090 
9529 -6274 
-9227 -630 
17009 26710 
-27475 -19486 
-12631 11310 
-21403 -8902 
-22047 -27898 
797 -9838 
-19431 -802 
30933 2282 
-12975 -13898 
-4723 -13502 
-10871 22926 
16709 -32614 
-21311 3174 
21501 -30478 
13049 16958 
1461 17482 
18481 23318 
13933 4770 
-13207 -18706 
-14811 21498 
-24671 -19002 
-27427 26706 
-24103 -18530 
-32107 -20566 
-19695 7286 
28493 -30206 
-19639 17486 
15109 22362 
-32127 -28890 
-14915 30642 
185 23806 
-4235 19210 
3569 3542 
-26579 12642 
-30167 430 
-24603 -30022 
21857 -26490 
-6499 -18670 
20377 12894 
19541 5738 
22737 12086 
-20211 2242 
20745 -4338 
-2875 -4582 
6209 -11802 
-2179 9842 
-29063 14270 
-26315 4554 
-27727 -32618 
-17939 4130 
2025 3182 
14757 -32390 
-13535 15174 
-1955 -14894 
-17063 27934 
-10731 15658 
-16751 502 
-19763 18306 
-20791 22990 
28293 17626 
28161 -11098 
-5827 -27342 
-9159 -11650 
757 -26486 
-9871 -19626 
-25683 -20766 
17833 -10450 
-27803 14394 
225 -25082 
-13795 -27502 
-5351 26590 
8149 9194 
-7087 -27466 
29837 17986 
-13175 -31602 
-22459 23450 
-31807 -26778 
-25859 -15374 
-5639 11582 
11445 -8374 
-8399 -23018 
15725 3490 
17257 25070 
-21211 -20742 
-2399 -16186 
23517 9042 
-10023 8862 
10645 -13654 
-13807 -6282 
-2483 1282 
-21943 28494 
-24059 12890 
22913 6694 
3261 -19790 
-18503 18430 
5749 -6646 
-23311 22742 
-24787 11362 
297 -21330 
-31003 -6726 
-21407 -23674 
-21091 29202 
-31079 -25250 
-3243 12650 
28625 -1482 
14349 -31806 
18441 6670 
23493 -14054 
-4287 23782 
15997 24946 
17785 8894 
-16331 -21302 
10929 -13418 
-16147 2850 
32489 -18578 
8357 -9094 
8737 17990 
-16547 -32558 
-2983 -10210 
32021 22570 
-10863 -13066 
14797 -15742 
-23095 -31538 
-10875 8154 
17665 24486 
12349 -12238 
-27847 -17026 
10741 13194 
28785 -426 
-23891 -22046 
-17239 -32210 
31333 -27846 
22497 -22266 
-28387 20370 
8729 -11554 
-14635 16106 
-1199 24502 
-1139 -16062 
-15479 -20594 
3909 13978 
23233 8806 
-7683 -270 
-24327 6206 
21429 31306 
30257 -3818 
17517 2210 
-17815 3310 
-27611 2554 
19873 -13370 
8925 -8622 
4057 -29282 
-12139 -6742 
-7919 -19850 
32077 -32766 
-24247 -26034 
2309 3418 
12417 -23258 
21437 -4686 
28345 13054 
15733 -32502 
15345 -23594 
-22995 10082 
30761 22446 
28133 16570 
865 -20858 
29853 11538 
-16999 2142 
-26027 19562 
-31023 -15050 
-16627 -318 
16137 17678 
-15675 -23526 
-14783 -6170 
-31363 -25486 
-903 3518 
-6347 18378 
-15951 5782 
-14355 1570 
-2583 25198 
1957 14202 
31009 20806 
-31139 15314 
11097 17182 
9237 29482 
-4975 -26634 
-16179 15746 
-25399 -20530 
15493 -1318 
7169 -5466 
30525 2866 
19001 -22402 
20725 -12662 
1905 18774 
-22099 -23326 
13225 11566 
24933 -4550 
-20767 -19450 
22557 2706 
22809 15838 
28117 23018 
4689 10934 
-32115 15426 
-17783 -9586 
30277 4506 
12737 -21146 
10493 14834 
22521 830 
31413 5450 
3377 15382 
19309 930 
12649 -18450 
31525 25850 
-23391 -10554 
-5667 -26286 
18137 -1890 
30613 170 
-2031 32118 
1101 -1278 
-26551 -15026 
28677 -6054 
1921 12326 
-25923 10418 
9657 7678 
25717 7178 
-11535 -4394 
-21203 8802 
-4311 686 
21733 -25670 
23137 -18042 
15261 -6126 
-2919 29534 
16725 26474 
-25135 -28618 
17933 31170 
13833 28686 
10693 32538 
-25279 29414 
-13187 -10382 
-19591 -1858 
3637 -7478 
22705 24982 
-12563 290 
27881 3438 
-4443 -28038 
-12255 23622 
19805 -2350 
25177 -20962 
-13547 -29142 
913 25334 
18381 -18302 
-27703 -9522 
-23675 -10790 
-3327 30118 
-16835 17970 
313 -27778 
30709 27018 
-24975 -27562 
-20307 -24606 
-21847 -10194 
18533 18746 
1505 -16634 
7965 -14958 
-28647 -22306 
5333 29930 
10577 -2634 
2445 -18622 
-20087 1422 
-8891 -4966 
2241 14438 
28669 29938 
3833 -4546 
-24139 -20406 
-23503 -30954 
21101 -350 
-22423 25326 
25125 -16390 
-1119 -7738 
-20259 21586 
32217 25502 
7829 7082 
3857 18550 
-29875 30210 
-28855 -4018 
-10491 -15526 
-8575 -17626 
-7747 25522 
-9031 2302 
-29835 -18678 
27121 14806 
-19411 7522 
26153 -21074 
15333 -2374 
-20127 -15226 
669 -23790 
11161 -8610 
-6059 -32150 
-19247 23350 
-13043 -2878 
11529 -25842 
-28475 23066 
29761 -538 
4989 4722 
27257 -7234 
13621 32202 
-4175 -21354 
-10771 -990 
-7191 -18322 
-10843 -4742 
10017 26438 
5213 -20014 
-26279 6430 
29205 -22230 
6801 11766 
-12595 13186 
-30007 1486 
2693 -20262 
-13823 166 
1341 -32462 
-18375 32382 
-24843 1162 
13681 -8362 
-18515 -25886 
8617 -31954 
12133 -23494 
23777 -13818 
-6627 -32622 
-14567 5086 
-17451 -28694 
16465 -16202 
-28531 12866 
-22391 12430 
17477 -14438 
-8255 -15514 
-18691 -20494 
-14855 -9922 
-14155 19274 
15153 -11754 
22893 -1630 
8041 3566 
18725 6906 
21153 -4922 
30685 3922 
-19239 -12642 
-14955 13994 
9745 4982 
4685 -3838 
-31159 6990 
15877 -24998 
-19071 17958 
10429 -24910 
-27719 -3074 
-19851 21002 
241 -31530 
-17619 6242 
-8919 22702 
8933 20922 
2145 -12410 
-13923 24082 
25241 18782 
-28843 -25238 
-13359 9782 
21517 28610 
9225 -14834 
-2107 13594 
19265 -30490 
23165 19826 
8569 -12610 
23605 6346 
-31055 -2154 
-8979 -2270 
23273 25454 
-17243 18554 
32289 29254 
-9379 27858 
-12199 -31714 
6421 -15318 
12689 -1802 
21965 -20862 
-32311 12494 
29061 -29734 
-24319 -29786 
19517 -17358 
28473 27006 
-14859 -24694 
-13199 10838 
-16723 -27166 
-26455 11822 
5733 -198 
-19487 -11002 
-21219 15250 
-487 32478 
25301 -21782 
22353 -29770 
6029 -21182 
-24695 23438 
-21691 -23910 
-18751 20070 
-515 -5390 
31993 -15298 
-4171 -6582 
-11727 7446 
24685 -2910 
-27031 -18194 
12325 30202 
-22111 -2106 
16093 -13742 
-5159 14750 
27797 20906 
15633 -8586 
-26291 27650 
32073 17998 
-23291 31066 
-29567 -11994 
28605 -9806 
19129 -8450 
-9867 -4854 
-26639 -12330 
-15827 4962 
21545 942 
2533 -21318 
24417 -9594 
-28515 6418 
-26215 -19362 
13909 -18326 
-7471 -3786 
-9459 -5438 
6921 -3826 
24261 4122 
8769 5094 
-24195 -30606 
-10119 -17986 
-31947 -19510 
7601 17046 
-7187 -3550 
-11799 3694 
-23643 -23686 
-10975 32070 
-23971 10194 
1881 -4322 
-16363 -8406 
18577 -15370 
-9011 10626 
30921 23502 
-10107 26330 
30721 5798 
-27843 -2254 
9785 21630 
-4875 14986 
25457 30038 
-14931 -28446 
4009 -9938 
-667 23098 
2785 -8186 
29725 -2414 
13593 -5666 
2517 -14870 
28241 22198 
-24947 10306 
-26999 -31090 
4677 32154 
-29247 -9882 
17661 9714 
13305 -20674 
5813 -32438 
26929 26646 
26477 -4190 
3433 25582 
5925 -12038 
161 710 
1501 -31406 
8921 -23394 
5013 27818 
21521 -22154 
8269 -6398 
29769 29006 
3077 21594 
25473 23590 
-18755 5298 
441 -13826 
117 -30710 
12017 6870 
-14035 3682 
-13527 -20818 
-3867 1978 
-18847 -6778 
22429 -11246 
-12135 8030 
-8875 -11414 
-1583 -17354 
25101 26050 
4617 7182 
-14907 -5350 
-1727 -24858 
-6019 -15502 
-28807 -23362 
-21963 20170 
-19279 -29290 
-5395 -4830 
18665 -18066 
-30043 -390 
11297 -30650 
26973 -7470 
15961 23070 
26389 -1494 
24465 -28938 
25549 -23422 
28617 -31026 
16261 16858 
20225 -24154 
-9667 12850 
-8903 16254 
5109 -10870 
-1423 -16298 
-13139 -29726 
-31063 -31698 
-7067 -19142 
25057 -5370 
15133 -20078 
27673 21726 
-20267 -7958 
-31407 8630 
9613 -23742 
-29303 -20082 
31045 22682 
25793 25702 
-29699 24818 
-5383 -26050 
15797 7242 
49 -19690 
28269 -5470 
-31639 3822 
-475 11258 
22433 3526 
-13091 16466 
23001 3998 
-17771 -30806 
27409 29814 
-22707 25090 
27465 -25522 
29445 12122 
14977 -6362 
-579 20402 
-18247 -19202 
10101 8970 
-14863 26070 
-12243 2402 
16937 22958 
-10267 25274 
3425 -3962 
7837 -28910 
1945 -30114 
-31659 -4502 
4305 -30922 
-5875 -7998 
2313 18190 
11461 -14822 
-12223 10726 
12157 -398 
18041 -28738 
-11979 -5686 
19377 -10090 
-3603 -6110 
-16407 25710 
29093 22906 
-31967 -27834 
12381 -25134 
30041 -15074 
3605 5418 
30353 23030 
-5427 8066 
26313 -20018 
-22907 7386 
9729 11430 
8509 27954 
-27591 10878 
15093 28810 
-28303 2902 
-11347 -31006 
-599 12078 
-13467 4154 
-18207 -2554 
541 27794 
-23783 -16418 
22485 -1046 
-25519 -4938 
-21363 7746 
-31607 -9074 
-8123 13210 
15297 -4250 
-11523 -25614 
-24071 -31426 
25781 -18614 
-26831 -490 
30061 -6750 
-1175 -17938 
-6875 -30982 
-20831 6342 
-27683 -1198 
-28455 31390 
24981 -23894 
-32239 16246 
11853 -8958 
25161 -14514 
-9723 2650 
4481 29222 
17597 -30030 
28601 -24578 
20085 -16886 
23793 -20266 
-10451 1122 
-18135 1198 
-16667 -16966 
25697 -1146 
-6755 18962 
16025 -2722 
11093 2410 
10193 21046 
28685 23490 
9 29198 
-27707 -24294 
-22719 -19226 
30333 14706 
-647 31422 
-1995 -31542 
-7503 9110 
-1811 -7390 
14057 3950 
22693 -19334 
-9695 -25018 
-2211 22738 
-21415 12318 
-19179 12330 
-29295 9462 
29133 -25982 
24009 -9010 
3461 -2086 
-767 -18522 
26685 -22478 
19257 5502 
25077 2954 
10353 22102 
-9555 -32286 
29865 -9682 
-19867 27450 
4065 262 
-14051 10130 
-9703 10974 
-299 5866 
-19631 -18506 
13197 -26302 
31625 1934 
18245 3738 
4801 31334 
6653 -10510 
22777 28734 
-29771 21066 
11825 18710 
31853 -8030 
29289 25838 
-13275 -7686 
1441 9158 
23261 -18862 
-14375 -6754 
2197 -16982 
-26351 2678 
-19123 22530 
22857 -3506 
16645 -6822 
-6015 -730 
-29763 -14926 
9913 -29954 
30069 22794 
-3087 -1066 
-8659 -158 
12329 -20562 
-23067 6330 
-17567 1670 
-21347 1298 
30105 24670 
-11691 9322 
16081 7478 
-2291 -10558 
-2295 -25330 
-1339 31770 
32321 16358 
-17027 29810 
-19335 26046 
7989 8138 
31153 28310 
-19 -8670 
-21015 -17810 
16293 3962 
12577 -22202 
-16803 5074 
-7335 -25826 
23573 19242 
-23407 -4106 
-1843 5506 
21705 1998 
29829 -11558 
-11263 17062 
-20675 -7374 
569 126 
-30475 -22902 
-16527 -24234 
-7763 31970 
-5207 -31442 
-26267 -14790 
26337 3078 
-28643 -7534 
4377 -27170 
-23083 12778 
-13743 -32074 
-17779 5186 
29321 12942 
-20923 -5734 
-5695 1382 
24829 4594 
4089 23358 
-19787 -4790 
-15055 -27626 
-31891 -9310 
-5783 4078 
-19675 15610 
23713 11974 
8669 29010 
-295 20638 
-20587 -10070 
-20463 -10890 
15437 -11518 
20553 7502 
-22523 -16294 
-16511 -30682 
-11587 178 
-8775 30206 
-25483 -3062 
-29967 18134 
-6867 -1438 
-22743 23214 
-29467 29626 
4705 4486 
29597 -16366 
-21351 -13474 
31061 16234 
21969 -6090 
32269 20930 
-4599 -14322 
25029 22298 
21825 -13594 
1149 -20622 
27513 20670 
17973 -17718 
4273 -18026 
1773 -9950 
9449 25966 
9893 27258 
-30687 -19386 
-31395 -12590 
6745 1566 
789 26154 
-17519 -17674 
32717 -28542 
19401 13006 
-9339 -21030 
-21759 -12890 
-2499 7730 
-18119 -5250 
-20491 16778 
22129 -5034 
-5971 30690 
25257 12334 
-32667 8506 
-16927 5894 
22301 -25198 
18457 222 
19669 19690 
-7855 19894 
16781 -28862 
27017 23950 
5445 -15206 
-16191 -28570 
-22531 19698 
-14599 17982 
-9803 -30646 
23601 -8426 
-30099 -10590 
24681 -17682 
-26075 -26630 
-19551 14790 
-5923 11346 
13785 -17506 
22165 -3158 
-14575 -24458 
-15539 19970 
18249 18510 
3845 -25766 
-27007 4902 
6589 15282 
-27463 24830 
-15499 -28918 
8689 -28202 
-5075 -2718 
7721 1454 
29669 -12614 
26977 7302 
15005 31506 
-7271 13918 
8277 23146 
27857 -19658 
1293 -13118 
-6903 -3314 
-14139 12826 
11329 21990 
19325 -5518 
8825 15294 
27957 21962 
-22607 1174 
3565 -11230 
-25623 4206 
3493 -14982 
-8415 -16570 
19549 -30254 
20825 28958 
-21995 -32470 
-11631 -31242 
1741 2946 
17097 24014 
17029 -30502 
-32255 22694 
15677 22834 
