139
0
0
0
0
1
0
0
1
4
18
15
11
8
6
10
16
5
7
3
6
204
5
4
7
4
4
5
195
2
2
1
2
2
163
2
1
0
2
143
3
1
3
136
1
1
155
0
2
0
145
2
0
121
2
1
146
2
1
130
1
165
0
0
119
2
128
0
119
0
115
1
120
0
120
0
120
4
111
0
107
0
101
0
70
98
0
96
2
89
102
1
92
88
0
96
64
1
71
74
3
85
77
100
0
80
68
67
0
84
81
70
62
1
86
68
79
62
62
52
57
1
72
56
57
62
54
52
39
51
49
44
42
53
52
53
39
43
41
51
48
44
47
38
71
30
34
50
36
45
42
68
37
45
36
37
68
48
39
44
71
46
44
43
90
60
50
101
50
56
108
54
51
103
63
123
58
55
106
47
116
67
100
41
66
36
60
35
62
25
45
25
47
19
28
23
14
22
11
17
17
10
9
10
8
11
10
52
20
37
101
72
177
185
175
146
115
161
146
215
207
230
67
229
187
175
147
123
83
98
99
112
67
92
74
81
94
88
65
110
48
51
125
89
177
289
334
350
56
47
38
35
107
95
109
902
