1.3704373704611612
6.261604020733428
32.34568690670486
19.13748894857212
26.003882651559017
14.756387392293355
19.465872314390808
29.254793486223136
17.591884192105624
22.574797359132436
19.661737138815095
4.639769385207521
4.505704422782525
20.47044234588551
16.291501777699743
21.136718999507284
8.073154438835727
2.045070072065162
33.75129843916902
8.716390953720401
25.519337698761472
5.1991012039788735
14.221166872910523
30.97147752711564
33.674286912442376
6.079026979060314
1.0029912266859584
9.785609710901355
16.875926239045842
33.655998483386526
12.901569877266057
20.79010233061002
12.5712888025244
20.555083187569217
7.512019995730348
31.854271559953897
33.75223382507487
24.43742187326061
9.906998771040776
32.24209752230165
23.64498328378384
27.273509354991035
22.943514814261587
2.5939758144505816
7.878437310922796
11.038743879397863
27.158503479858094
10.127477254909586
2.380620985402209
17.824438174922086
21.11280383545226
25.059218886048992
22.154410265349373
6.174335046863652
31.864836597370143
1.8547043199153053
11.146488016534011
22.65856720712381
31.15414992973913
31.70902852543167
1.4898562499563743
23.42563477678167
6.305135969449002
30.86275220935881
21.683520493441172
16.655560705719687
30.50514923068457
16.08817423549184
25.057901991315426
34.93204603826246
24.27189083718726
20.68172028626406
6.349918599950501
15.489340728041295
14.740583550044807
33.13618012304003
3.9857775336762735
9.730607137128612
0.12549340057495134
28.899638143207174
18.223264882867465
21.34165675346676
31.2148003557757
3.7401721221586737
1.3013518408164324
32.10441632177756
13.74229303550671
11.9965710812715
31.534242210048088
31.26452619817383
1.6259518674093827
6.679430349493454
2.7943112564673025
23.49039752594319
12.541408767130655
7.110926164911035
28.432570059737447
23.11423700720516
9.245656697085035
18.663868628182694
25.503465546469712
17.721322116368032
33.57548571742935
21.24024927507729
2.5722179439853554
26.211449561867514
12.26489294726385
2.830721143504807
7.0390288852939245
7.018300574956419
7.744444332522393
28.213317303842967
3.7551524886245247
8.701572112382905
20.833870259474867
15.054472474076757
2.2431212080295393
10.97092683246655
4.499333625270793
18.128505246196397
34.60797898281818
23.743837345113036
13.000811234756478
13.026690792122208
29.056184717916477
31.00012902215108
26.470366133062072
34.950695574169785
23.51847079158144
30.529872069151036
12.67669362142681
11.64891092037906
18.494406610853037
5.120870646978477
26.00624664724292
19.57737729168087
18.141926560288585
15.805206010208273
17.064175810432953
20.6941588265932
5.940352551808457
9.31782492470077
9.721275565806772
17.843201994409558
22.280147921381005
24.80598637046578
25.17915917828242
13.171139352555478
13.055150719916044
18.632593308948202
23.51945857236336
12.220818110901188
30.100028716270923
14.81137268534836
1.015182569843019
5.221400791619241
4.992795184572703
2.9937691534001067
24.353457515591227
30.056147381679885
10.422178973741213
33.025745428547424
33.08688743654418
13.380049038032768
33.13167853671072
33.05967277710352
9.822180098904264
3.1220973239500327
16.70251522819718
16.72404062992896
29.394611936004964
28.504637155325856
12.471917961575107
26.142266232789193
1.5533046078937636
7.570934270485419
9.616606128416672
4.19824577899627
19.794479110298475
1.3502082664080328
15.377907799802047
27.06437887298664
34.066745326385465
4.008019280494713
34.440790314622944
6.658735787763686
4.0876678642560025
11.577800750631589
10.309092705110539
17.561848792817784
6.519439368469152
1.9486813010127455
19.636759121208147
3.762454185232982
26.689130330715564
11.187896176419203
20.391799197524637
21.14215855653464
29.67441827763916
18.26727040128052
27.818007961630464
27.731979883100628
13.196171992186509
14.850498278632568
30.206688817564263
27.002731562497463
10.370279174784637
33.51296336536569
17.747644941213114
22.144290608764607
10.646694626682192
1.1955983675835218
0.24006969624766683
34.495733714536264
22.414633570930757
15.911736953173836
27.084770672640072
27.68486650156976
24.30733648293418
22.935033834655826
34.60757938044498
17.027720258733055
1.4673559263775062
29.28023754674269
26.3019826243466
32.6945949532558
18.239853250193445
20.8568619211656
17.45778935013293
3.1266641640902466
23.636026344767053
16.37697753978071
26.389744334391953
6.546176605408847
32.393195826470226
14.674135565131369
33.48683560292149
32.457253821468655
9.065605143711075
29.767054791998593
4.228317040243964
1.5418835003024753
25.0804923436947
30.590557316727967
20.20376840685184
2.8703601187891667
9.948260849524658
27.52013940090026
13.683114770558467
29.797353336138755
24.706350563930023
26.313065611854892
9.502252645083857
2.346957204368859
10.608239307408374
18.180072972508356
28.539616107897967
6.881519321048747
12.967156866268349
5.968688572141713
31.72240638575291
16.867441309097266
30.692523077721905
23.31872099195089
24.760803438559225
33.82470494481937
20.585536819242037
30.596609680844544
17.19379543420821
34.748670897288676
14.426225770716266
21.238502508265512
8.12499369838228
0.540366270974524
19.530858948824847
4.343220499081753
12.636610387013253
1.2730157717135109
9.699015188976547
27.730589768844304
24.743207246119276
17.370983086582033
10.422586184182052
4.959045747752184
29.248639030942496
18.886010970433876
23.606456842082835
8.151943766137236
34.56192830853025
17.805236907801874
12.593277386015153
6.099664756644214
33.66594903928841
5.5871351201754536
7.608996668830055
20.93899502670798
1.4414718009198828
13.173967700470298
25.680508564275605
25.875049780009196
13.924819974477973
7.586505091277662
26.940592263634237
13.315649980514925
33.00797119431946
13.64081724707403
17.11658733322109
28.807483326822613
5.447430547559901
33.52086279923709
10.870687777695787
30.405132533070176
10.820444310336715
23.81963006915769
30.064444093237142
10.222267876574076
24.545749100503837
15.207057927877182
18.266797351792793
19.86746522144206
6.153783656611886
0.6537906759447513
5.767127483433439
30.421687785794052
9.779092360548225
12.070875533982026
23.584498755888863
23.11993026402651
0.20016741354543466
27.161093978119833
18.755295979997125
26.05280285161504
34.012421853932366
33.58192788121659
24.781639367289415
34.90730351310815
27.352497288622367
23.887664076069182
21.45937477466091
19.7925056458302
3.092876508109425
14.337861235106336
2.344546032162964
4.9943536029407305
29.18610666484109
15.225100704133666
7.315567854494745
11.68757645316282
5.0429904675033885
8.76943592942234
9.368419761234989
22.212239756460114
0.6153964650603738
23.778650789700873
4.628719902458645
28.261161222432815
4.92212434821833
2.19233158545587
30.116879236799385
18.732586727176145
28.39593184938797
0.8174901835296638
34.03127778305925
1.3866731168572701
34.76099478013691
12.089611440964928
24.2827173775438
28.089956258581754
25.06719838345271
16.623080889571415
8.277162626735974
9.563499231497552
19.308453819365543
1.8235645966042857
11.44144172822138
22.628250016715306
10.362728574065846
11.342073764682283
28.263793695119013
14.255407225172474
12.967423473766845
10.449560799334737
4.482490338909212
14.328875847118669
25.8805579234412
1.7681299561184352
22.33994920253488
17.476237483583006
33.898958579539645
11.78169540275321
15.919326033157803
14.99169572318725
29.38552136810783
15.362204748193173
7.517989402647855
27.450036942470877
22.434404987940436
34.013772594813
21.373144302023988
1.8550599970774733
17.124354081092317
19.70047255852788
27.273628417998292
24.94460677718608
15.956402406428435
9.741961202687964
16.399845456576408
26.713280759631452
33.06661380578749
21.747992510376896
18.005496984430604
26.938571525104642
14.263783073638432
14.097566401110418
13.348796022791444
31.522534775757354
9.051105873727566
30.45262309918519
6.0486211254020095
13.63209219155471
10.117321460003529
6.245603799303062
7.80476424654361
29.600231018432087
28.186685067990634
9.986076798498734
34.700453728200934
6.986032793052228
23.990802828773717
9.378113479827803
10.581140345868128
16.56673864563185
3.9215788544527257
12.974657786955712
27.304605884635986
21.922605156985693
20.22266149846297
6.210380787073945
9.293252231774305
15.656252270747093
27.168037006360045
30.714714933173703
12.279694410344279
7.224112216274986
10.662829533668962
28.00018117422613
17.376834698503558
4.038571069245333
24.26442044630979
34.769603048566644
17.12603669953891
13.069555230441704
16.354402793694035
30.993528015567016
20.2593051547583
28.59865762270735
21.693063042331026
2.483752097525997
5.61476163943162
18.088993527222904
33.83754383532324
26.90465615762942
2.819170877585742
22.377822943561217
25.62786283330266
13.825388317757225
12.151557465648303
18.088987431014864
33.73508486671364
15.500363176139563
25.4414409376005
22.5942876515402
33.03891159601224
9.995865097727293
24.65897106259731
32.9515545928983
8.035507281669998
32.612325227627
31.959997006886358
30.234856858916913
11.6734047365017
11.233747464062684
22.979308301511267
10.693461499747787
19.17135166106639
1.6528370227410782
4.699323729294189
27.936369807420366
27.130445153993694
27.300792291961795
27.648924201817575
13.706759067897643
8.258831995663892
15.676752843008597
22.61429940545583
20.26960405611614
27.138864943927242
29.169459465043342
14.721098183373147
19.84179251247943
28.51147640172031
22.687075433141914
21.54230677607515
17.20323101496757
18.779048919891935
6.340236943721338
27.323172284522137
19.77191800346126
6.183226813352304
6.7553281721648
21.62433673377741
34.36399327688015
7.626288164663646
32.27168102187954
32.10526284935495
27.969882028593442
31.79937744991469
18.824750956105927
6.419277272228747
29.147922228539677
1.8516198662363843
29.127446154906234
6.817105908993027
12.602192805791018
16.29838268964411
32.05214936853115
8.058748822864343
4.304681361011457
28.212342479535206
22.281965908159304
20.450204593345234
25.26245043330088
16.61984004783545
23.62970669037668
14.894602880747042
3.43765423552927
13.843323020437488
34.29462093283933
28.648610910563484
23.401518600426716
19.9127866917085
34.74733766471755
26.92927150775564
32.51181928899631
18.46959332091574
7.012133390793385
8.824636784393808
29.451364706722543
4.849258925737479
34.327856109805744
28.661261225031826
26.55124050982391
32.68960897036353
4.2618098998602925
5.885406111919391
28.42151982918705
11.946439946706
26.83671700771511
13.0185017477273
31.065657812687235
10.670810754267483
22.49781353357515
17.489946717517014
19.935254388381914
28.344374494757965
7.06016991704434
13.228765604218282
4.080366736626964
28.510490929369166
6.124241627505256
27.801190880835197
24.37278743708602
5.827282344653911
29.034559078267883
16.644859048217015
25.195819383323997
13.893721006349802
8.566431161109719
18.71446361102591
3.086203192369676
6.911500277134604
28.107487961268866
5.526355405758663
33.404903265830725
16.937201176891083
16.183312048396903
18.14758772667079
6.220372715907757
2.674172341647497
29.13541862947828
1.1677438013768136
20.83797330010703
14.192905258828521
9.817441930933159
28.21976491357606
7.388072592794553
8.400718458036634
26.43590786168321
14.381497469620863
2.614342757831743
1.0787991180962269
27.104160483282694
4.462558372164467
28.439166368177176
29.246336273700468
15.094255563719296
7.574483190191138
34.35261406243055
25.83994427015807
17.38817042666911
20.004726547669122
8.999646594892587
3.432977159691051
5.057080527489816
1.2062752013270321
5.132186623429963
6.7297495073716105
10.651944274636536
19.605060416260798
29.573289095211077
29.21269377249734
8.23570680263215
11.029174718527821
5.972358977081349
23.589531086218823
2.9662494397088857
15.668541787238507
24.253827317566873
31.284316066373187
20.03809665404026
11.280055414586666
33.2419504380637
1.222498576484949
33.42365398253503
17.88432678628827
15.250813826891493
20.54779532528888
24.66766089016241
4.448058679510535
29.117630853540174
16.404763649635218
4.641294819025887
30.143670608066518
15.176251333886844
24.160655556141105
1.416686423487152
15.534355908559013
3.2756401912880393
13.906755138076646
18.166969734167118
17.777602666682185
1.9834991673834796
11.338984694141804
11.256470681264227
20.870878647833386
8.662115535643247
20.990210636043265
24.365764459109375
27.43483373115202
11.288831271839694
6.184355489694559
25.724991456419957
5.463935730095037
31.637981187268448
29.271238340683457
14.695068626776406
1.2912615110564993
2.1589862865873366
28.25341011336729
14.291976523986213
34.10597411627946
34.933950948839204
21.377037340481422
32.37467179116586
17.536844244513425
5.196222737105648
0.7534596946219341
5.191417510846049
24.7240786295424
10.072494319055027
20.870928197812376
9.494902032502047
18.4479537819128
27.333942528429446
26.23397955365887
6.908923824536197
19.71573469985784
4.498953270658459
11.735885276706446
14.023619885223175
27.3143836658736
11.704346617540972
7.613658691098542
29.47223217316902
6.461911891633231
12.583573799693584
17.564917250046797
23.180314456465354
2.667408493154143
20.187473681674966
8.290398551077379
22.555566277490747
10.641118026897987
12.201742474436363
23.691976691940386
14.145952362006506
23.625872923317992
20.281851045460236
23.509901490113524
26.1483645379296
34.226147982692055
29.876361265332473
25.986565242777093
2.9881824745519334
0.2795172343428637
34.18748084050937
8.390042680969184
21.56155048905991
26.436145109843757
18.368927303990073
25.741979361092916
11.694165088508688
11.04612804550875
11.62144106554137
10.647468633768675
14.20433547009049
27.371574810847548
30.327410074689624
31.145137588383626
19.88134960349733
30.044479499586938
23.78419799763402
28.039272514949406
11.081972594597008
20.57912307191256
27.53281499431129
17.257699869790123
26.559267362571717
27.954180862744924
12.284681953865805
21.228385062572194
12.634511730816568
0.9115866340482279
9.618785888565185
5.9227890350436265
28.323968698210866
13.206802949932412
18.971577314038115
30.381885838547962
4.130790635487608
3.2178200802094117
19.623343919580556
22.66795935036878
14.454473648009472
7.250978335181026
8.362777707491464
17.158053529006867
27.516124698386804
16.02938074693883
14.414935560904116
6.037373995460043
34.06569261692373
21.225816917073285
4.382375890630887
7.4182505132982
26.851430522834143
15.933751433356363
13.064597940368634
2.858599655616715
21.754269670133063
18.77366432627631
20.573428725902037
1.6493127154593057
15.287662364546794
11.4688276179536
29.06398646615016
22.481369345633574
20.39796446341421
20.029725682540736
10.231879662130767
11.537601151798873
32.888146323625016
24.563977965542957
7.383422600376608
34.98035256963186
33.213995682709836
20.13652318423513
24.732527079782034
12.422855256559824
4.491150920932251
20.244535668321138
24.74269799328404
8.81197068481077
26.036342374605567
1.7359836757047158
5.717697689154528
2.6009032201416398
19.575288080542517
17.939240517989102
30.508077962825194
30.40068976295609
5.9721781229093525
20.54991501746746
25.38264177550987
11.85596607434289
7.4018232809432645
30.04442081342416
22.797859659818975
33.22646985740707
20.325863960605716
30.110569580190205
17.418244776662213
1.8040434817686521
32.45692028573411
3.4598700531428244
3.2070284914456653
12.802539367291214
32.09722806340841
32.57197686506143
17.128093007410378
12.719236066165655
28.446068446155877
5.6068186217368465
24.233437371160694
2.7866568576462036
34.48565877973371
27.6386321444693
15.281579015436794
13.958035806144188
7.274018945358216
11.588771795503622
20.146016069350114
9.726019407315498
27.751575111569533
28.337006829050186
22.874554606397705
30.543071286191736
25.051821064432083
2.5512790299805954
23.397977483867294
30.21861179751491
17.92814223306276
18.53263100576612
19.165935871122127
15.361712109556933
34.14889740332728
23.221239601594736
27.193297042679422
1.421233072986321
22.128522921093904
24.924652425165398
29.690463594752504
8.65543064523649
13.369314249671444
27.265518347946532
28.281401657304627
30.90694319880542
31.27708336258324
3.210100736451942
29.527075627783514
20.538029037435503
0.16840317842574665
16.959877721523835
13.290456531043949
28.509892655639923
30.979740620117596
32.909348756382855
31.806409726640677
32.28416920972699
32.530122641569456
11.897869977866288
13.467018598676491
28.580290755774648
27.19730054442663
33.7974013782806
15.533406281911175
22.225950681075815
21.59079312119704
29.167465598598813
16.12087041012776
16.01154013719767
28.763977681212683
7.372441541466828
24.97512327295626
5.186863415844788
18.004775063345658
14.805243850398064
2.73991024024787
16.850342485951003
22.598086938446176
27.072155504843177
25.12585469919643
24.960583914308653
5.198661545454679
6.831826056786416
15.628917849267324
21.59732747590648
34.25830852010432
11.827544593301123
18.47158925194273
5.647060601407892
2.36667850242013
27.86792561511851
28.841528616683686
19.075648282620318
33.968376799578074
26.441096108630127
31.758992786462287
3.3827379515493337
33.453848289645904
1.6997629987083678
25.349119491529382
7.0179081742369895
1.1493654410598788
26.149041493384008
10.693052744934242
12.301409509813864
23.082933401565345
6.786240108630156
17.50096950700293
30.641849478179743
9.503986926861561
31.495031042259484
0.6347692550901374
0.2702772199375797
18.53330097090197
30.42603990935865
13.103861990729959
34.377153998399116
19.354421373888854
6.365171149913138
27.464149030089043
15.241462666421135
3.0255835399913105
0.48688399394883625
28.332053538089593
9.445964551728283
33.812167857255126
19.338819486820416
23.42973967066108
5.474716280658083
3.36258114039534
8.874493264466194
29.532771843297837
11.54226650666109
6.566708812925965
28.371151966670755
3.2702280753251607
27.677378829974554
3.194096662218092
4.9213988994609945
24.91039988091388
34.52275127950669
22.659935748931932
19.24454653888654
9.965153945970101
32.15692687949746
23.52009763378856
22.96152348426613
25.98020810077138
0.8757534645483193
0.852360623598577
26.61710950128208
22.607810487817023
15.942421980647485
19.14774402225826
23.80747829445498
0.3829944647746057
27.795014706797364
25.301887063247815
16.128253925976455
0.46354876622925645
20.15442241511285
11.368730401623347
22.442978483599482
3.5550863364378382
32.52625163074376
16.659162150353918
21.213258078238727
2.7700849582102247
0.33654387923893003
15.135105928696662
30.843541724772034
13.009076083466356
12.291260819022247
27.06731506688591
13.59398507142786
32.95397912799223
13.873983045329876
25.937375899200028
14.11933841477831
30.164174139020993
10.672240485747823
11.616624963646617
34.43530076868962
19.12799396636157
6.064458878823841
0.5317294722911381
14.014925717157947
20.83424323361133
21.323048785570023
32.66685395534083
5.835813573270515
32.77617619753285
27.859088974607133
19.966853782036072
0.8644146801504679
19.745524608911847
16.428356901392362
17.155535941393342
20.113715237870043
25.416913681744667
29.292925202517377
30.079299869467114
15.528500053676689
9.58834386407248
17.943966786162107
5.210410466473234
29.742513815610515
10.696353605870478
32.868293705124174
5.097188862023964
12.004028076747826
17.22122294072068
6.973175012431706
17.354197299654732
7.58934977703004
4.929854583867506
27.38234546116873
1.88561666279453
7.029951387666838
29.00622575652272
29.196318317269395
12.29891526661301
16.072873484844262
12.272984777461136
34.09805458930635
6.5625177918193
27.754031346945293
34.70826922947997
33.60910610971798
27.72721351000697
2.9091105270454656
32.83403233313688
22.747964391606867
32.49315045655845
18.898696577882657
27.34934787375052
5.866133884937535
18.709370985134242
22.226496511159322
30.764559334625883
12.158096177114423
23.253054362086704
3.333007671111754
0.582792855247408
34.38074962318674
9.96471605941038
24.797367470249213
19.9640454784533
23.48662748457927
18.9996946837095
14.200920065469232
4.879554901341985
19.85203469471762
26.09840547899651
32.420697934312614
23.063149792139576
23.389972089771803
0.40400991463929925
31.89482498270154
17.119898744661384
14.641004283806598
0.3096737774769669
17.36821789538256
33.76938881461792
33.475846643326086
22.319237701475018
18.484894770595172
19.808799233048237
32.564397961680754
29.39220612846215
22.98091534323466
2.79232618481891
25.037983891411912
14.364710999918263
34.68031650619546
17.64659814700469
34.47441278775058
13.180672683978772
33.63910971118465
8.337459960402592
10.57090492635673
19.093470717533226
19.31387034085477
23.037670146021586
14.08178650476707
27.421562660139163
32.61673967882265
1.4216215721326027
28.658028072646275
7.122333925870844
10.698695151252224
2.4012758161120793
15.863322315715106
16.325726783773977
2.8747415691785982
13.765926424697625
25.185402052964537
13.363077454940814
27.1757659902545
20.973005007332056
14.476247189793511
24.092039499542047
0.23924664313539454
20.662680056575557
0.5369482653044989
31.905808772712522
27.171029659274087
11.190861339499103
0.40592396139983056
29.153523326951944
26.16790976123598
13.615860493040744
16.596649015756824
17.875571704912257
7.746903380282133
34.6318474417913
5.972800586392117
31.011658772298002
10.78676349243395
16.317092537369692
32.312390052369594
18.088227095690954
20.956129077808466
10.12798416680093
10.900289143227386
4.254999622646468
31.06781921918539
12.08688420882088
13.356812292522083
26.60923789863248
29.952526996026695
14.408635300583601
4.880955468563038
8.480682418960777
8.87346227376165
12.204911072042858
7.1252255442968915
24.38744047782125
7.726139061675777
34.75280022476993
14.006461628112612
18.221040888633382
18.87367122118817
25.67640462953293
26.72158967986136
33.07189386975585
5.757970946436982
16.17051272634739
12.493495400538759
4.776741734916706
2.4947390250520556
15.718624769888729
28.14206327984219
28.062765707611845
21.91452051218562
23.986778583662606
11.56399701734461
22.684546270861382
13.945361887158299
3.7275759095046617
33.971604684839875
10.870792583704494
32.16660712140636
11.662495596590293
2.437260773064027
27.180839287102526
1.5078484520709168
11.624405675898405
25.562989344489935
5.727914202292712
34.66709729359238
4.935405286959938
15.940955655662322
29.413905556612917
3.6656631132192703
5.8131187562701845
0.45124247297330233
22.78666502229241
19.63162474848379
22.20110848698411
22.996263741844317
16.378062697325802
9.717301634732722
20.874713552850906
3.293993045070515
8.166998620137118
8.30337500454784
31.186706395543215
20.314580334698253
15.020096753483099
17.9720397104127
23.19313606625148
8.696090808522856
33.441652963632926
6.197032058498879
29.315969990629146
33.37551250396638
11.71626436288098
33.361776820617735
25.235433242231213
16.380822019909
21.182550730515356
10.331975171522767
18.129920623138865
23.485533694803586
0.6163699238175284
5.228886561197543
26.074067807082596
7.394987237090104
19.88308845336693
24.358643697955685
12.488257701152182
21.478784824714243
31.82104685220877
33.915539712698745
11.175315927701991
18.419672367347072
5.8471202022029996
13.342575305793497
31.703000871278366
4.9151295753642374
24.27392646672104
19.983860300464258
7.407485422718755
20.47598095410118
4.646833378471893
18.498182537089793
33.672177348097435
5.534264593562926
26.69188045208875
22.49850053558042
29.03638942002782
12.496727447478586
24.1870690925619
26.420766327733208
4.272535291932949
11.59364287706666
32.19291277932958
34.853461592320926
30.109159177753504
28.62429658306224
33.678843006999884
12.831937086961005
2.524419153591593
25.802947293901017
23.972330554339784
13.110767108684405
10.788729218782146
14.444369711513184
11.98754544205418
19.48306612458669
4.0349914083945135
33.922431646587256
22.27599211197201
24.780668753429346
18.594196366962617
6.574394700693685
17.905125438738335
15.706909955122116
5.804599297399245
31.81812502910393
19.719144349658706
26.894251913796566
2.5084725787920217
2.163663557504213
2.1322457333104654
32.66384346898619
25.05994053077251
34.28309313347898
9.454314861146672
34.51307601210356
34.60114430451562
13.605455794024355
16.278300447306922
8.726072447384015
13.682773903117708
24.068394259322698
21.761920996465303
7.726763752306548
10.341290096132507
0.1324307390209842
5.8527431656814555
3.115665808206174
13.340086801156485
24.78938899700845
25.512587960957674
31.399000175517244
27.446213238219606
27.990778756838534
33.9038334651365
23.89252650914507
33.3609163611729
10.773691352882016
6.077756448020996
14.55986160886457
32.97215842679581
5.217287997054208
5.6904280500455835
33.029676556112726
29.335977306505324
20.53161483492249
32.007643782236315
28.088442285634514
34.53254061915476
12.635939413971006
24.906657410666877
6.533739398117199
32.82516623574824
13.378207820637678
2.18633777744963
34.11100475592772
14.751854837227185
13.108590437281302
9.116098506830319
5.641869737155654
19.855879695055663
20.89995504044127
8.599448256393671
15.06181508843361
20.91838402366981
4.139199338450788
4.90014854237964
16.862504014586584
17.532785356684066
6.7998661090036565
2.138358864428836
30.675181495443013
11.14423211068288
19.654243127163518
18.330657797137462
10.938717769238245
21.732576907169754
3.290252801971517
15.126103975279667
19.19045288534845
8.49094349131563
6.777877541769459
16.59405051927013
9.11332681300893
28.87938280107462
26.898585261040385
5.5176685856561996
27.048260043732554
7.532380972955903
24.95436018984807
5.3285812164616235
25.929231950488095
16.88673465334379
5.84890422903835
8.416028767538426
4.470795178317337
27.23242513947307
30.654815803816575
17.964908545063953
8.0716967298246
12.456040282054717
3.660905453638976
30.583190870261795
1.1279593299271173
15.48338728506059
19.41312405332683
15.481908783915891
29.474640874378586
12.034267560824452
1.7959484165169628
1.1352152805904057
32.70209340294683
4.623554967411291
11.27546900155449
25.97947772627795
23.511034913369773
10.287123645742085
32.345409147209786
14.469185114802604
10.131801807357267
5.242002853552275
2.144794493081056
34.10673557330565
12.821073627968547
29.406377227374183
16.779775837856256
23.547741450019018
33.73223058959394
2.439213185293854
25.08434607380266
25.538828121221666
18.578461452506364
21.40317191442208
17.779543731836768
34.60698122051162
6.974446258759435
3.809348769792979
11.900645150590401
25.198661012844077
26.742302790320135
32.09028575045661
20.624579764201712
23.488359978135946
13.207028330807969
22.75955368951397
17.810367021308874
28.99372397819546
28.543043331034557
29.572173017698784
10.45477902336868
22.363810557393556
34.496487433442375
0.17170166590498337
2.576185665055477
23.075566467402528
22.612919874216672
31.994508079555164
16.780800683583088
5.861638020915518
12.968755487096365
32.83670882857345
32.82113763388045
15.490867348588162
5.48780952121813
13.956561873091385
17.4123116868881
6.818660328248578
3.816631673824103
29.572356521689212
13.538930590475685
15.331142324800162
9.112122836304906
8.644146336553728
33.17805157848007
9.505617914490156
23.9963545560291
32.864622341047806
13.213943950496807
34.258317119821804
11.972080045019727
3.930937086524415
30.615721975840415
24.217967389777787
22.06816423518952
22.88609967021924
15.11684557471092
3.2272567664145
3.6723011684916886
12.64685703980401
33.84576698597009
25.46840683923982
21.971284223564577
0.5152800497389189
16.834965362009036
8.529563765850863
27.47649157546217
13.218509392573308
6.257645419590541
0.7241630582098036
1.5524471721681188
28.070697589566592
15.582918285587638
16.51774303141817
18.308744205133937
26.65451812601943
22.942226368498893
15.849753440875125
32.64844626819906
10.653985821556256
19.006653935991384
26.433016487105483
0.6968505017962235
31.259909369127644
28.762962768240822
25.2254847834249
23.730502662201307
33.259594457287825
18.48004519645412
8.123377764323418
8.292048103691538
15.36891150366612
15.50637195643276
21.698954645377327
31.68255337666824
10.360943262962667
16.247035613550267
6.918294899286169
2.6619602226134194
33.35044738373888
9.375015419412525
28.33341006630373
32.24513424673572
4.861839727177554
1.3985869931372394
25.533400057578543
32.081052482521564
5.083787819855595
31.14751127297418
24.86518095699503
7.652693735372593
22.231195647142382
5.010881121982143
27.67863471385801
24.30173709146016
33.55811801086692
8.626689560327623
19.06749802636513
1.7190765986221543
0.8459376425459807
23.398123630294823
32.67489480498231
1.3356312575795375
14.756919339279069
28.40630530330606
0.6107023848658484
14.706616080311495
20.815885275270656
26.97701299379378
31.9572072520326
18.258132591835174
13.88158685375248
14.091841817907993
21.867782819635867
6.501462219924341
14.002915748382637
28.44681138696616
18.093424820209314
3.5822283778482658
34.86362933579475
26.444995942327463
27.482126617560834
3.194605264791134
13.469482344580564
0.16709704553144658
29.918387727022402
34.11159566543765
24.68327097053446
22.431880572573903
26.496609089453493
22.17715136476118
4.366451701107256
19.06588166963584
9.463654609515569
16.932799048163965
12.01810565170018
9.448226244912918
2.0030740914154554
26.13856285955645
9.132081805187152
29.89836630045667
11.807649415139858
33.20018549557061
32.40350685521794
13.418167927905285
10.49283498411762
33.578002784833124
28.633915570272702
20.791733253212392
5.071519420628848
34.41663882903099
19.6729441638364
18.442811118345507
10.722567072871517
19.599121311561415
34.486813092662864
12.128483984717338
14.310534584259758
31.815123093697103
4.17630152713042
34.99497916095246
34.6683170879242
25.436488622033195
9.182091031848309
32.54698535451401
16.024001956913267
28.745668281201148
13.84252558765556
20.892168166955223
17.36820781631859
33.59998998651672
14.155273106462857
5.726197201232744
5.8094604787204185
8.787942814061413
6.217459850164604
23.539008916484498
26.607281714881942
31.98563226074676
7.24765621067113
22.349202189670876
33.348450038391626
10.716317728080593
19.298440090491763
8.076251214983177
19.18190122224248
4.40588390927129
18.49997864254535
28.94863617964752
3.876809895713803
28.577850581875015
21.0959833732936
21.643195865445595
2.2225636240304003
14.56646815893381
4.365703200555234
6.485832891791423
30.60628229842925
5.2080513802688735
25.004037538943265
2.399334019412528
18.13823074635382
23.511032328577564
10.243681043051616
0.41929692849808353
9.53818242728886
12.737152203860353
15.366424640941139
8.620355697708366
17.346325664492024
14.933519837407125
29.12260474155568
30.17952840624693
24.35661083203622
13.232565752721666
33.038777073021386
7.734937190408862
8.069522041721182
10.816742887890546
31.431194136406152
9.959144938085137
0.9849024768925404
19.9641619729249
25.444550068729587
5.028083418099622
2.6014555203339476
28.857797412655675
13.219817703845951
28.24643297887514
1.7593337944284797
14.145601919454979
17.735984959805798
0.728410895975447
3.1244853793350216
21.927876523697233
4.086465139306698
26.27428808766521
21.071429229096147
27.889921058875384
14.501410678434016
28.086566360494952
3.0038667986096934
19.51115275311297
22.248044769607134
8.908597907008792
9.247844536741278
20.524204170627304
12.188665652996653
13.373952114699518
0.48205919479727466
17.063025317794178
1.3578290466738334
3.8176194871191336
11.263849011271946
5.23572884756774
1.429632590996047
23.656479870559007
11.032529925126706
27.452630724556684
31.11741494411901
7.785779728068361
24.723599044919652
2.012115564517135
3.5451734794865066
5.5636070897161085
31.101615458627144
21.529311546283907
8.256517273597543
11.683904633902918
13.152095286320048
7.1776995410250715
33.55076448836181
24.678779056855255
16.75765848619504
0.9282676799930415
10.691640603046181
23.47822635717062
17.44468856653146
27.3165930942346
13.9275235208217
18.11432293026156
5.709908425954923
11.329498864371596
26.3815575334016
8.593354600627935
17.37779931369491
20.250858590279023
26.27999065949245
12.182497249592007
14.433652772849015
6.421385113378886
29.663722878910086
13.063131761692464
13.127220205218007
8.030438179013109
17.237287993291535
32.603714650766484
26.884773952198874
17.76579980641485
13.076940014301673
0.8277228881964145
31.458917317137075
22.063731202751754
18.20149460865094
4.555513596280482
19.75676788605033
30.840687967862085
34.867354817942
19.23780327119154
1.363110476192786
22.761234292147776
11.14556992760246
7.228246534518557
10.32694513336703
3.411440459653692
27.1073041595907
22.387640520844943
16.078456440941387
1.3736712218785678
25.70225923308706
7.420999334147004
3.2294914086919704
6.319248365941707
23.675001142249066
8.123373179974969
8.214998959297121
12.099307386705748
12.689049643483855
9.852460273137515
23.291387822225843
19.211132149660163
6.940483178295915
26.473509939422517
17.967277954180602
12.983670193337433
4.2226921422354895
11.73627935185102
20.646840840063792
13.61272083210177
33.649738734400536
12.426025349769358
22.86022193358765
34.02863828754139
26.846043068064876
30.11885580626962
17.04210425348657
33.75504238876251
1.8195806514924868
14.304647354226695
2.6898190480374815
12.824128445948094
10.927331889601179
4.9235256469843485
25.743959945932183
10.071168922143304
33.505667862504616
34.77487059498781
0.9256327200539597
1.3165544668993214
8.329468416891782
15.899775380162126
0.6000408647969464
10.071876082276505
10.480222661217816
31.06680516781094
29.95440831834244
11.117333901337693
21.4149509425801
6.2855566236341245
15.98885713871267
31.548363303797608
24.222949926280442
1.0775985552687086
6.9263010411831765
32.48913040563847
21.15507188580287
2.3339443687287855
1.3656240646938334
30.09643066925664
24.160367636299288
31.488303202034984
27.20270084187418
19.828143899238224
8.583347016731864
23.733764572432275
18.261148589161895
29.66076836387357
33.227968662988694
10.605603811002982
8.79597044712385
1.4951464905280205
7.606651384440709
16.432485854972853
16.729487648714965
16.210599992386534
22.937150080444795
0.35395123553848296
28.41505877528315
8.087563663762275
34.75680005253575
11.410195768324831
21.13768543543277
24.31604303849415
29.6233708911328
33.080984388883316
18.899583681820786
7.348218201902721
1.870996379017194
5.681640861973871
24.986148874826156
15.94072624316118
25.558169649896577
29.45536385171307
2.241517661465425
18.930805289398265
8.429493356579455
21.306029830877428
25.91476691680897
18.147712528241883
8.317912721283419
31.147312650387804
21.526931147736224
3.1598444426711443
22.72599949391644
12.435970573521269
15.456169731953182
15.8066212570983
5.939544731088019
30.65146763630591
31.513628313343172
33.913619878604706
13.81934986925154
15.395410110638107
7.029547054636195
22.21060051050169
7.975275201814291
32.70164033276494
31.919489980346075
12.7362874364285
0.8322784137744969
3.2915790279675328
2.505298730318331
18.64216338018531
9.810218054452463
11.540129582534439
5.562110576308707
5.949714620427075
27.023369957830447
8.132933936206186
29.25988669735077
33.3721124943025
24.39367306210419
7.745126425048115
4.766560823633504
5.93759088828137
32.723917144972056
22.308331585282804
9.739227728026876
5.369022387698465
7.410285728076569
32.63002754285659
15.286639030679558
29.180340871272286
23.051464873177217
1.5549668893903208
0.598213823117631
14.275472138022263
1.091558140146423
32.08093072092622
3.0373406868265858
23.53582305441682
7.973183503423055
32.457151031272744
7.33801032099513
4.860569765117654
14.965020212386078
34.88912361281204
1.0883974919952184
13.870602803636618
4.036339320634615
21.666107105959796
3.2742417861887727
25.31444619470036
17.745462888890376
20.381222780520044
17.93774576028962
5.385685307584691
8.178495775891697
26.98264397175375
21.864997145177362
29.504002715831962
16.76913902775063
19.328301804748264
21.212484883979986
24.68569461151787
28.255329020837703
11.632368819208004
19.756796708921968
31.325113971448257
7.5147760507460335
8.353917088561781
7.880373417828172
8.668207078056861
18.638707301663974
21.545277466383677
32.22093747038213
17.11484627246004
34.45616067583812
20.61359781118142
13.468103366064268
11.901290682124408
1.137423944893328
34.912428782161825
8.760837593747576
4.498934315515578
11.417306190309672
0.999805494670719
26.06438285077281
19.173354338563616
0.40115215861687215
18.775205073769285
11.55808628033333
28.07484600224316
15.483919020711093
28.35000513133028
31.87290766794697
32.773130824611634
11.586191847745937
11.695519665936253
33.81251087056111
25.103844120587052
4.135644826490223
14.98083714116123
21.43876105677809
22.444604789340296
30.88840692231529
33.93405443299722
8.156049944284472
33.75309330912642
3.9720847676322664
23.971087155490405
27.123648207154798
17.796563450587445
6.461224223109219
1.0259289166147956
11.28182318486723
28.04217998351637
25.037111239550985
34.60873673334988
1.5686649713277436
21.357763585383413
22.636839898981577
15.090137583313286
8.184957626366788
30.854908226595793
29.49244443543139
31.973233695285835
8.329079868975835
9.369450556860876
4.626136280719578
19.7489162139369
3.609691437446057
7.685674155868948
17.962153969394755
31.596914577599314
2.367755271582951
11.054499374652476
12.675627744155696
28.645397184760903
4.299114596442896
4.47310149574486
31.08401658385565
5.030507741858339
8.436379373082026
32.30725250961705
1.5629171737650842
29.486586629762492
3.3424649381152016
19.888337142184543
7.841299975571715
15.263888713801185
30.833306256490967
15.534988483618854
13.907329222052367
27.8155991141119
22.157165198662778
17.565813685247374
3.3360153125693106
16.221537272394276
32.20658737054534
20.307517235544392
1.0426459545719058
12.959595650019287
18.53006931411946
11.022269925704471
29.566248235024165
15.609013291073948
1.2575879598337232
29.689265405381985
23.42814745491565
13.6250318072455
31.09618461511315
34.98518128661313
9.638185306831689
17.77264180016706
23.33827232772187
4.2532481414338
1.6306744778575584
16.23097303197574
16.23997085622782
27.823660820913172
18.007529167574766
26.182788069050883
19.300781018124425
12.509536377151974
30.00263675322265
18.746871052992265
24.09779692098514
27.18285771720134
0.5209175628339088
6.852591269503284
15.522992381684775
21.752957376004495
31.62862246750011
11.621977434309985
19.662218527915424
12.730475994453851
7.891429825869387
19.939829226747083
0.5016262181436242
31.729816659890783
1.7691765043459085
5.018599701681538
17.762061481589317
20.06828579156671
29.919291981625832
14.398717225278183
12.741291610405574
15.116059326438684
24.923467614939465
9.777358127540182
17.83430692784028
12.423506331579013
15.433768768437167
23.3311686034376
24.50369633570826
6.639951208655753
2.5714168372220447
12.74724819090135
10.49625103900107
21.170266090990378
13.328152035203614
33.66589098713126
4.6114525150958015
17.33366629512267
11.631612206635145
7.040409196847714
30.217196859499428
29.05796456681725
26.003363937408896
6.03835867124
15.704452890662061
34.33008803723856
31.262580028461038
3.8273630645654757
0.4707273519483171
1.1621703553642364
31.89712284672057
20.82941375257199
9.975332077382436
28.66735372658217
24.21585738650586
21.51602480395224
29.32103782527476
13.818552712831043
1.9976021513309634
3.993036979498841
27.008056397017693
30.043401836313606
5.671911362703973
1.1051968856588759
16.932527628725254
7.456359145284648
4.040182679060622
16.440061051859036
4.403079474748561
6.276533179051703
3.974566281950721
30.767212745754644
21.843291458253
13.803378178074825
26.244680983569772
12.21442853706868
27.442517993264257
0.7954823522780446
13.252513537094218
19.19433342251525
3.8897605337752643
1.8644255608553717
34.88864225622483
27.908922890581476
19.66902612279771
22.413666500999632
34.56887818078002
29.87968312973749
11.995769177937003
18.056652867183608
13.948353954836369
19.10457181484355
31.336585035432403
25.755520632302865
29.818196954219356
25.918184044625033
5.758008612874423
16.80357254039655
4.570694324784075
30.524472925918882
26.66534999852594
30.44007978536045
4.697259033040454
28.145705430889606
19.45502724156181
21.535082249332262
0.5126667272742575
7.823540258447171
30.972493041580027
15.831352955387127
2.676971151402269
6.353643057934801
8.264934950178965
13.517052697866472
31.646942401759148
5.328942485878637
32.00108704225094
22.62137003139456
34.373557528270645
28.72991904472013
28.430592531130475
24.78859926983349
12.239643331396088
32.299339534035525
8.21227881501096
1.292527929187457
23.443675813586793
30.235357073107686
20.080504640814468
25.81737792871022
22.133210872567272
33.89368171811258
27.825542078202698
14.715134872663688
24.34848609857205
16.322912660344596
25.399140211574775
9.859696537112958
5.2685342174821574
29.129201342613392
1.4058601432354916
8.130491518901993
23.120864625769407
15.903985226359232
1.533554779588843
24.742425549682377
4.233011071668826
10.613098537942971
30.027789447510774
22.559977233527118
14.954685010141402
0.8281217265115399
3.2515073194513184
27.233804898303998
18.93373691520564
22.790642741143728
16.66377436253854
28.90933714518029
6.680963245070467
28.557687219329445
31.31720466984811
14.22588629707396
5.558782762004636
19.8405107319042
6.968590273824673
10.119866651247081
14.111947469684077
10.67661662024384
15.344946318192017
31.65172641321475
15.91245190019678
4.190199727257261
24.207229772775932
16.154463084990475
22.03265759484905
19.60764998789892
3.2748484970699496
0.6007504146437013
21.997280356684676
18.504062679264965
27.76767020625363
19.561778704693047
0.35127397604384747
18.329044008943832
18.72646515890584
30.242790610375458
5.37322326027733
8.192980041075138
26.044889989829397
5.753010502592285
2.6217041485093744
20.069635557054056
17.694114967455683
30.143846227627876
18.127889301592102
24.255798018420837
29.49519975890211
8.460584147660567
20.188672131150362
28.432738884058903
25.951667377900257
9.941422009544075
17.311812527240757
28.352876575371837
10.311896554397295
29.775458195324912
5.821574505702916
2.924280948893323
8.51782785007614
4.784382949671873
26.188578735148514
11.892449441008031
27.09611230193501
8.839516701607636
0.25264883951915307
1.5385957584059522
4.734099848832232
18.936956363315506
7.078536003662412
7.711413354140652
31.63263260192167
9.198935537451497
1.4564209873136544
20.050144500588225
4.304098986192795
18.424368902281373
14.960411722952504
27.25561282270141
1.4419811025247808
21.733799773990437
23.84297545722401
3.502154603896541
15.669761809162104
9.848050227468217
18.993121378294795
8.455432640527466
3.4286628651294415
2.368102950520164
16.897939272394993
19.61150882256508
33.219597171279425
9.548684893225735
14.698669404891895
26.89885373804268
10.029961563222834
4.236612126145744
1.3146500115061137
11.231972183253808
28.052849306731567
29.802998717406258
14.856216846909723
21.586609171691705
28.66919738246048
20.291496173210795
11.06213579372398
1.378180838945934
31.674022164308187
6.619599367613988
9.62488004828412
3.615274751187389
31.70305708644481
5.859937877902865
19.30513743341949
15.906437121234866
7.831866394368592
31.267117232901875
10.262786981734564
7.33663833279739
16.712249685716287
5.777640353565375
32.55806829325264
27.74152553699245
33.98723471200464
29.189860222058456
8.489765736434476
21.894036814227984
28.82412260967818
5.818373021086089
18.93830011387758
29.662951700464134
35.01262118062035
16.981571606189423
28.79272050557291
1.7034927238164186
18.213238262545744
27.377676806225892
28.151589718486253
13.620192198372528
19.578249407075486
32.79956999761933
2.1104603079848765
15.623055621815524
27.802927373504353
18.64733416759239
26.894270885196
2.8273248891050864
19.779552309180644
29.760946359024555
6.2959407255955995
15.961031005220283
17.713449977252125
6.000500276401376
7.810750917922299
25.48616020005144
6.155849344515463
0.4611217113693359
14.27359694442767
4.485864955834513
1.2246913906469548
0.45691048336507123
13.316858996750932
18.417221512890947
34.476980478065954
21.425158254508272
3.286420400463436
20.53630294896141
6.068719754346424
2.3228932603244314
25.093758472714896
9.179588839192167
25.40331894272602
10.270259876121473
28.201517613603816
14.90187199921971
20.877671725612245
18.101317084940042
31.49546502724606
7.9287549244282465
18.870420625519333
5.954328783398271
34.75223589472707
4.521766597943182
11.14193579103655
15.97068439130067
5.40448203033905
9.898845068395973
34.84555941109178
2.0292559394174337
12.337969948805243
9.161891449698672
7.248778205569367
6.295884884329909
15.022506852756377
23.567892636405055
23.30636457973653
26.550696711809756
23.549995746471225
1.7988199418412938
14.486255846622198
17.754107019279974
26.020379998434745
12.741811852671843
23.859771095623515
6.500964704321663
5.641171014174387
8.112442548898137
33.967995810960105
20.037820406404776
6.637161405032333
25.504558458391436
1.1792072247802112
4.039617081006499
6.9340545562188085
23.159715369481845
5.565409161327272
26.47834746745648
29.450240500932857
20.865417778462703
21.613340702580672
24.10712475329938
9.402307622619514
33.194557086146304
7.628200780847356
29.50633566149623
21.068271247019926
9.724401863857713
0.5655222165736074
23.39860991261814
5.937156253032605
25.41900251898226
29.489327094742134
14.490774290998814
23.874230537047794
5.145997802219033
29.39011805528263
22.797354975075635
24.744233376113936
34.61714990686562
3.326130010478342
24.632692829482004
10.221517343952707
11.931547333122884
20.91135943629424
25.719701557235958
21.288656824678135
13.212136205348024
3.8755444042064684
7.308734818104221
1.5767905176196573
18.2810778735751
15.50539589662684
5.294317487273887
8.629704452208614
34.828100310178336
22.7903169272727
11.187820632209112
19.12212765851452
12.20147957343236
19.273399517661996
6.147570385116032
0.9593933251276167
10.16007497984972
26.59030065421855
25.870430171092146
6.104424025623433
8.922926093009728
5.68686773449496
8.102138656777976
0.4332231874384859
34.132703078632765
30.328708940903933
18.064496492302418
6.133419086687724
7.49331956054999
31.752227523648667
29.321708083028597
25.083574781560824
12.575719412735506
25.19897788560997
32.06798336668882
29.805956938937264
29.664360558528127
23.78061310217256
2.698620054180763
21.099896456083084
17.589007188322327
9.131680333310152
23.150828463703075
30.756611537504003
18.222212189662287
3.649042053961618
5.748460292907617
30.878386658306486
5.166219477026625
20.14895094646845
24.14181357513822
33.846367308025236
0.6473340600803021
1.9828413296375
0.2827056974593072
17.95460931857502
9.526024930278865
17.870213316862948
22.42053211552595
10.316519284572864
2.737627576107561
13.396291839773653
26.838962915785043
15.854793119167852
12.618262654045536
7.098837823285099
34.727925712647306
14.868763103170876
22.987424792902164
7.4645900665646865
2.73453439265872
31.230528735096936
23.712244454080796
5.679375055880874
21.815431429843883
34.30947854605999
33.98571739020712
3.688232771004302
1.12381598929564
15.667632411820321
8.969954664094274
28.06097963245059
26.806640836987867
31.18858373500304
16.95633907596074
23.637811672126787
11.472288914829022
17.416631931348764
9.607637858581194
28.021962454130247
34.34795044701969
17.27993117990039
16.183355225806412
18.873270448343025
18.940615421179903
33.66563597055633
0.3253889402191563
2.2074736233590704
5.3236257958923545
12.464849562784385
12.075744437166723
0.6840979010851681
26.391062578419564
28.701903977548017
11.420270849436376
15.916145877140856
31.364184666346954
0.8729195731483183
23.044518983783362
24.45814608694631
9.112002586569153
6.623109027739899
33.70105222445219
2.084713647954526
1.8271672117104631
2.169222697748579
25.743344700359746
34.641422146146525
27.25211444462452
12.466111884263539
33.29158153726053
32.42661489758438
17.777494820697733
0.17093170670064292
24.546166877705286
22.228639352671912
31.868611076773522
30.38169409248426
0.908114542820429
21.084719742948522
6.888788455777967
30.40744758026762
14.818756997768238
20.39126473077293
12.159375860594086
9.850009044780629
17.004278388014075
26.408061472523556
0.20614714337522955
22.930356547482397
25.81778497658551
28.974464512609114
19.045375261271168
13.91930482447086
19.625435601715235
22.912175427944685
34.443878946236445
23.658681755878582
13.128930931247826
1.8719250021962481
21.289010632336502
19.15858151953272
31.399867186353656
7.107378805834576
3.722791621687627
23.383450463944765
30.43778687959063
1.0710773195989842
2.055949820125514
7.1431107295112755
10.787578335986055
30.012168117602812
4.387084390389508
16.732634836438805
34.19469850698614
24.965306475987163
14.749384556188089
6.501262573175011
10.647452832397422
13.938761823454415
32.44304747834585
14.674395198567861
2.939809210025135
25.12651377244057
1.1269423686293547
33.30200431356583
33.04878846095128
1.4429063280838847
2.373380185847981
0.8603767470202245
21.701353608910576
2.1805623600003883
6.864934806526254
13.516705766730777
25.816070804166078
0.16436865917200832
18.973083743943935
20.7897677056863
6.947247709564571
0.5222447317101022
29.158318571686905
2.0295313417120675
16.96665631471238
22.486215570924347
32.02710180538282
6.012581708991528
1.399275100588231
2.1877364263972185
22.707412058048398
14.233105979363518
22.167926322642856
23.874596618405025
11.298727173204382
32.86202748602938
4.5129012158429465
1.7842010723842239
13.16171580164666
29.226958395369056
3.6064244876831055
22.599420609944286
14.576486813543692
33.1064889888129
28.627167978334132
12.117012221701334
30.96872693430236
22.355759059708696
3.9070225239619183
12.701210147956488
4.769945584648991
27.914583715576033
10.078455126255049
16.32215812861075
12.717725360785925
3.0556431290326684
16.948799172055
1.6467034083636767
6.343723568309117
16.101500611304076
4.659501347558731
21.944625619580382
6.303035167387086
30.465257514742948
8.931130044665377
3.927940970964203
15.170693315344757
0.5684090393159922
2.096068623880944
18.11681980702429
12.764230617115349
16.634403937624235
24.030203450451804
8.281336383381456
9.890456052120637
33.49410511155147
14.993143125542643
18.801327195188982
31.664354261124373
18.684578357278077
24.46502685258169
20.02497394034639
0.19071972165275652
8.01647857787884
26.99307064963221
22.552744448454398
33.03600853297163
31.025455694088528
33.207514665756655
15.94212793208451
14.2056698243639
14.88738152403234
21.711054171512956
25.575175778167452
1.0811916602903362
32.404931579679406
2.452826391758738
9.506708209106558
7.4102506139182305
32.03986388366532
11.040718042897993
25.42758386655727
34.07329354793614
9.331922202597521
2.279426256545228
27.668222715648522
23.860710984595034
22.29767864867483
5.2487499577942005
10.811318807103346
10.090039465912948
1.5560413988920265
18.65749501828698
23.114260709262037
9.644017167039147
11.056659626935247
14.072302300652343
7.663286343905756
25.707739464014495
29.705869411513667
23.20619403008764
18.697175642864707
26.723492347033538
30.139335472601672
12.137000696230515
17.808162746275745
26.857159056379384
7.481158048170961
1.9071167693270659
19.275386279992087
4.628399306941706
22.8729123692332
2.941991262347872
26.889581600685137
28.746576795021934
29.11191737356467
25.11036238130725
8.955996070866401
2.9230166116013785
22.178796544362104
32.016985253800016
10.53712705682189
9.959786405480447
11.766044989868732
32.16832116377335
5.559720098697055
0.6836429613994753
18.744891280980735
25.734454283165135
24.862922596404125
4.607112844052171
14.2181861848208
15.785738363181332
4.067602268630914
23.442190679767737
5.274712976312201
28.243544319142064
23.03100078062465
6.7218189584543575
17.005950862370483
19.60665242067102
21.41942165771186
11.603494723167877
23.2194624025124
32.23459762577724
2.32627907801598
12.177825294568546
5.7334758135334045
23.409040735918072
6.694575654964167
12.966661382735019
32.55178238746999
26.82636372818151
13.564360426509806
23.80216983028542
15.895693846951945
1.8230833212998387
3.3526476863890937
16.476359581496254
20.990812567497336
34.48242640766279
8.222840308498261
4.246121170276186
21.49041247183409
17.782798635492625
19.490775844463723
28.880196701746545
5.667128294128548
25.44822001848569
31.798243408909357
34.67560933947433
8.354618185000046
19.663701255764366
2.739997391638079
18.315095901193796
28.675417124065138
20.094636642712246
18.959134904648938
30.72642459461245
34.530546411322575
14.029973938483476
29.37490013178169
11.4045136147304
30.369786653799984
10.24390593623053
4.199076586485176
33.757860576330586
14.274173548169385
14.176844042804596
19.16206869684336
20.187485126289534
8.482748188147129
8.682159428767696
8.761066778656954
8.350845087403824
26.07062107608026
19.287150400889367
27.794551427499066
17.51555189675106
31.353275054995457
26.97919494857719
33.71863573677941
18.325320851483916
25.97272885007155
14.814729192471626
22.517312230621737
31.008377939437263
25.4671767219957
1.296703701645733
23.804512399830116
20.356574624666262
22.60441704580128
28.730213142052765
33.37348640077371
12.574233563628043
0.2263119364976237
12.733178955561604
18.40941160386676
7.947896188604745
26.381477599921716
7.249912604218905
25.361722987119936
9.380745204712483
19.901854922672836
25.57052328224007
27.618749288776563
30.217278987614208
30.438291791925735
9.557138935720213
17.14301936960123
19.21180648780925
18.274084450015053
2.6989828029442635
27.19661492422852
22.27418270865463
29.280712758352205
34.288864145401874
1.715655569232939
13.170067818003298
29.956555061428183
12.286959383395473
24.594457607703436
30.905170551558417
1.4842010822428868
33.111287696194026
4.546986252980472
16.080451282779208
34.900977990101495
25.771488795807194
18.909636491452275
1.7523618782904165
1.7006640670270592
5.582689163776631
2.707178593809408
25.300529754719047
28.226655042986994
18.458420922356126
28.70174415935791
8.73420652836719
10.74953074736283
18.938686207053756
1.2413341524052468
0.8863228749778024
3.9390139119216343
26.720184186904206
9.44977373887613
28.01180513110804
3.2765646527890686
29.44417958586846
23.731674971136606
18.051905172871397
3.975226769515131
6.9573416807927755
30.5288769241498
30.861977145596267
8.657023836375204
5.235392158061562
30.681577620667106
13.911852071955328
34.00976631319492
23.860940267043738
26.15122876406083
12.543825450308622
12.817434777001752
3.158894588431539
6.7617992888761185
25.652338620906043
6.261723847798757
34.35962039369509
3.9526115933766977
10.881617482148997
4.636561918178532
20.419177186571236
27.445108182651456
9.418109822956028
19.496653661951562
22.936618539872946
26.33103440453054
32.21826666473975
7.13730140088875
17.882248857198938
15.237745182498838
10.367202377943018
16.711924408311567
0.31070301247359305
34.666570483677965
30.991996615593045
29.431751352195054
24.31446498220794
3.100978888810768
10.871831442581554
14.716022708146783
4.3596515029574
9.507008045003035
12.449592526012628
34.93621189422232
24.46606083449231
2.4924223521991333
11.692989690827979
26.201904785829655
26.399269878925498
26.999261340773465
21.867633779541585
3.9965453553569232
16.151958323798677
14.845821804286878
21.430555609519406
24.178394952572166
20.277237760342995
15.795789644696669
33.35674845688714
10.545095142124143
4.236653840465325
2.015742580712047
29.59374910736839
23.977262500443942
26.180614161262096
17.67459837194228
16.32459547386985
18.77150157048411
19.13467768629638
13.66568314322262
16.10947718252793
33.98967722684817
0.419836077137569
18.599653611121585
28.472926160423093
3.1655100308362503
13.215483104847413
25.21619873045646
7.302552661654228
2.405343742585903
14.411591441275593
19.65412651889603
16.370822645573096
27.676494066980315
23.23457057801198
6.87221876723344
31.206176692388585
33.35568937485593
27.65578900351615
24.35142453587588
30.798542865835323
24.74833625418055
33.75285045245446
34.80107824214223
22.469331724458574
27.54577873515591
25.675178885302046
6.120506391425133
34.844449202195754
18.28066058407029
8.492011189320879
24.722677916012355
21.44138757956524
31.677887712931476
1.766503959252161
29.92250543106698
33.49647642268503
19.937083787261674
24.180395906874587
18.996591161091814
31.861386550030637
13.691129804790943
24.863291441375672
10.806290280807204
30.307654686642962
13.312500728208624
14.989173242350736
21.900871508787098
4.052091824683148
7.132958169659621
14.706932709229067
26.137467492894952
25.632939885414842
29.334032047159607
22.74832657139095
3.6696205276336578
2.504011698875905
31.92171148732728
15.162469709514372
1.99700808804941
28.919300966430878
34.50016476367435
27.065905314711404
24.81096583447958
4.13695417818237
2.076425471088531
2.1705208649310337
12.65095497587797
32.89840746100608
22.469486129215934
30.140859492099775
2.8405108407970783
31.931729036491436
8.973990711464163
26.07345665816196
32.03409288799897
18.779650558728022
16.4519808617815
30.185897041636874
26.662209150858462
12.562538598114825
13.13313991584753
2.7909580494246553
2.0437323201718023
11.267702367479144
0.1777155019867198
33.829357570799196
28.960850542086153
34.61017160190153
25.68450071894757
23.149822231731473
13.84487079076213
25.397311219108882
14.030505722903644
3.401915321534012
6.661050022133391
8.072319355872914
22.920516276048186
34.985770781802785
19.545830959421533
11.603003677674005
14.966460786988462
24.190175395050453
8.807021132857779
12.670593820683363
13.861616505281884
27.55705067260048
5.6585181561950115
20.380374009538098
3.6724518667545567
15.179642743833238
11.338711405199291
6.663303424475084
11.034566952724196
26.778267995558018
8.165150103548932
12.146042266871525
30.127098269703563
15.930444947652171
27.3138638300212
2.967465446263451
1.1952783898156643
29.772888911867167
32.460998551376775
2.1819095894651883
29.507820421414518
11.111945633740685
0.6757085596787383
25.034143800553416
19.645675061193764
13.969915283554231
32.378967975925434
19.921450378733503
5.804497693931832
30.110475552277318
15.837917644827794
8.277649900709136
17.75311289844168
9.312191069330606
19.765125039478285
31.656623391469562
28.394594308829824
13.248131582751588
15.368197905937222
3.5129349268678207
22.301222187460915
29.89432077551534
13.6358828462301
4.005483469283273
26.732096843942564
0.20168722259584498
17.793839128366702
30.494911779103823
18.580753317856683
25.011867297220846
29.26202471066659
34.395016733311344
5.377237003654051
5.830593853633531
14.869719378749622
4.148862884877918
27.67263110314923
28.131108589064276
18.50070560316228
6.255977708404687
7.605626717535978
34.12159474715557
18.184409603576242
31.604003345853183
16.77662663431962
5.529763169799173
20.85782237467892
33.6001315485958
16.53450696953584
20.774767668789156
34.12711205928447
6.181817874005536
17.98597013103113
12.9469164801662
14.895374953303506
16.413877691997463
18.17826256128459
33.0227202300107
17.15306118980168
13.43125079678338
20.91249885821921
9.959280290160288
3.259764803941877
26.374604491123645
31.37631527501533
30.198631662598338
31.22887029014731
30.74944574569356
2.518805911532899
1.2825591334311062
30.45155333659748
22.979806873790004
19.07296578851504
23.794383932192655
24.6808468418544
16.600235406821326
8.330675205979782
1.2715940222015711
20.714356701804583
31.209871189542415
25.627731919266967
11.625116119855674
2.592735374294173
21.941045162158378
15.947658395766233
2.4241162430736303
15.724837098504405
27.820613643514374
1.7043041860051282
31.851483268190073
21.800099710459435
21.004069771668956
12.921458000082545
5.9429269073112945
17.674332300910095
11.852739635914467
22.996443734418907
19.40319789851368
23.206452639361178
23.043621703241936
9.37755202719515
1.144805948882429
19.339027586978233
26.927279023118267
33.93481554863576
20.948120481171685
15.170242732415748
27.906147311443494
7.930553110722816
14.181852118354819
33.51142334941768
26.775282463014975
27.80867577255954
10.528620408116122
6.631283847649368
31.45250820292571
19.07780533236179
0.4005406845651427
8.498160686352307
23.34521784321496
16.254470353803093
27.141917648554667
10.65489501815234
34.28752112638476
14.054220508664372
17.95877844210239
9.775112934758656
15.01003740871659
23.45806001967552
27.61590988640449
17.406128880175917
7.636284596563134
25.728284156565685
25.89366151942664
12.53615432349265
23.53154862092755
5.954150969202019
31.76371269832237
12.888925463927103
17.739560702826914
25.91523829187155
26.070113205052188
10.751362032002943
14.806401593460276
22.19809788683358
7.307792571932256
20.651144665404118
16.125742206979208
28.070458699494004
11.567892835672914
18.340193794635738
31.567485482778785
31.41324202295571
22.43414421654511
29.6309877535689
21.454849112373967
13.551070709228613
9.906004845281144
15.53718728019302
15.951817684077957
2.507903778196606
27.514517510354416
23.92805704662108
2.130319640442837
0.2920006427632138
34.532012801333956
3.764905299793986
32.97432719751328
6.757131885687998
17.028664358152266
17.334834865050368
31.271766981471497
18.589740071394953
1.4988062149111623
34.20495353190261
22.76808244713425
21.510454105297423
5.5156766537416875
28.48054591652594
26.49869417142693
22.31043853232243
10.24000106300121
8.39124334133603
6.8303637146571745
25.96201924311359
9.371792850044141
9.082372251856926
32.2863569193308
34.388272392683724
31.66784631540145
7.5541634721016315
7.035282172086121
13.868662811414648
6.341575605981767
14.911383335524373
6.181273198137423
8.83160281565904
6.886709941452663
30.384542874888442
13.876914849959354
5.3908451868435066
25.079215358803133
9.128272244138547
0.7817593165290249
26.984250623319827
13.957304456257466
29.892906959202136
24.784557630208756
14.133177278480181
18.379157456377722
23.126722740312847
9.629259677939416
7.402339247735625
3.805589132624121
18.533794373596287
3.8079734327449537
23.69604094443283
12.632472882484944
1.5553482844221604
7.008320123250287
14.556420307551535
10.044892818636674
10.811422946593305
11.84031187368115
23.58715723906272
32.89037140704827
27.050269500213126
6.394630481925569
33.837544323019884
26.91285287511819
0.9386594713049302
10.793049381960033
17.23198112226434
13.232504416740458
32.0079032368507
32.449095989658936
11.599668157762967
28.727748762143055
26.865338818281504
5.315674097197325
18.463391835422108
7.515823379288136
25.956367895690477
19.121653389785184
4.230445039522038
2.396481806875283
5.111780192877226
12.865726807524284
11.857283700621425
29.54716814426333
9.126097913679331
34.05915840852328
16.1374330108144
15.093685397573278
32.90238633407279
19.521034641327432
13.779512190098028
9.146562217567109
28.895858250371052
24.5159771061732
3.578747052897348
11.263686445724083
2.5034896846451637
23.148218311266596
21.798465097619125
28.441817324566166
3.979589183478907
10.455062049987509
27.12063894004176
2.13049664181135
3.2668626433533148
6.025249239151386
4.838341137338928
25.386014295339606
33.627221292669475
17.992923335874636
25.077373604941734
13.084600655639811
24.84806517826212
34.18397061140404
19.214993227730886
2.0122511929537166
5.824680613112813
20.2179426270224
31.632365165338882
4.704128890527569
3.964657976834729
3.881070901288823
30.371200161238647
34.00072545784233
11.554026595932783
29.66510140224285
1.32128785544332
18.062158555875836
1.7504071251167006
3.75781303638084
18.50671269277378
2.485076128887117
27.867756725770835
26.00300535032342
34.922271085665386
34.53769033806683
29.365894049199778
34.59271146056859
11.517389816160124
7.392398283201068
11.281226000327157
18.005299418520288
23.618081270404833
28.97028277399523
18.584265497748586
14.219703620414213
6.37859282164953
8.66738698363756
4.855380396468456
32.47935800532049
31.463767541540324
33.760081628128255
16.692705551599076
26.406233845608273
4.399907138134465
22.78044282594798
19.787227467622206
19.114592046339244
25.193187983570414
4.578470907870947
21.582762626980962
33.84169154896795
26.793908264352307
26.656348809167017
18.799832470002602
6.542508053716457
5.646533092461633
28.411521202652672
18.452951583320402
6.5999341059070655
28.217682140033403
7.293583221346806
26.20938829574684
12.53187881707076
21.49448330823122
16.379974842069426
6.944032780776935
16.310307717920665
23.011986252549267
1.3408156354664156
32.06938736404293
18.49225490951809
3.867911870451557
18.671482239307835
13.822685486701909
1.6357614789812667
31.90682979814898
9.420718609841904
28.43184929286789
11.000308230555335
9.562893463496554
9.127311026567146
19.537261154000422
7.213026205047505
33.804352193410544
27.623699490991747
8.683270938188095
27.442205607307482
30.45589713680603
26.1646858588301
29.25310387745798
24.105315236186122
13.900439060128324
16.744704336717746
27.582676335093556
17.4208009573368
9.855086519563232
32.52002593924005
16.756021727489497
8.329949675939673
23.988296198078118
2.1598569388920232
7.975777838231727
6.238765040605253
32.50848905246557
32.31967906886532
0.9519850993156457
25.292765998053902
2.473253451879499
3.7174520587287594
3.4627869342550093
17.32036378393286
32.43110555950887
23.430678665522084
21.256402909615176
29.691554702196647
26.993673458940236
32.6841604884876
17.42123169101242
17.094427405642893
5.472436120027212
34.861292537327
22.0811096548969
30.995655332069788
21.102428056846836
25.226935664683015
13.204778407369
19.855776010749235
19.157332902329255
10.414357847694225
6.308136636844555
11.473598006416294
4.507848678615384
21.598264568750576
15.097342390855216
24.544101303597593
22.423220884661372
20.5959765836471
31.504302236736848
16.812992596146092
23.250829067328233
0.8431642255297845
11.6959893990868
6.796630371825894
17.57669523778531
11.668841017620005
4.352695339420925
32.23750972746232
16.35928653911325
8.342580596338154
26.81206197533865
17.569599316647338
32.05043669171475
14.184475129726133
7.775004347089736
18.175198737173687
16.439713958157792
33.48016119799257
25.01258686110535
6.445049357510785
8.460447283725822
17.888399979885843
13.88760750133067
10.548808984578168
31.744518405264156
4.486612074579379
13.781516135606529
7.916188818913699
17.135998602516032
5.945830766923096
31.56881523644719
18.851726367829794
5.956109835284096
29.775689379790528
9.70709181929511
23.831773292912583
24.691492381729947
20.966396295141028
8.135678075167212
5.5592590953164285
27.84624470318364
13.557297327355947
9.824719031374222
10.883249786558528
32.07070212916783
5.678826803570709
12.600954852887494
30.40279380007241
6.424044376867372
4.536593209913865
15.958004262310851
1.753667458461854
23.64355000837456
3.184449551167851
17.33583127806288
13.107794922772838
30.6565717230687
12.565957855539569
0.7792283335143559
19.356704655778245
9.829604304909589
23.168670975461144
16.439536615401632
30.499561495160336
26.90715995968449
9.98988645708667
28.90801449562633
19.361877751616102
26.952454931766628
3.2273999216359472
6.078310975361309
23.879802617509768
28.974583006636948
21.036904387125436
6.201871017109658
5.912290682015114
26.431577148001264
11.416563737196032
23.43208157368703
9.924394877804415
10.422293858813887
34.95661884498481
18.338826699660988
8.59072024218138
8.01282246245086
0.4554242115871849
23.247774785814993
19.331225952540436
0.5372657070498097
2.330366626151431
11.055875687093788
0.896625385290805
2.539876942558407
6.316521979138508
12.763303700874546
1.0557226784722893
23.2759808837624
4.641516314584849
33.866346467548524
22.240898128018227
28.437734962271694
5.188697220250895
13.914840156777478
14.409136799042203
13.309640062262892
1.8206462524021703
32.21420184326789
8.641218043340082
18.872913096755717
12.934607293243493
17.478983703383047
10.233303638790712
0.5596913155028804
30.1307122969112
6.850029106416535
7.371402942694645
7.519393708876509
16.14152616746125
14.06599804121935
6.439654733600855
22.525059909554194
21.580875517331712
2.125039674013816
16.283661550200883
29.008757666161014
1.928752488039628
33.80005508202735
25.22351959354301
25.612241877295457
30.569465184694344
14.815160917797085
29.77331977559522
4.791839668786771
11.870914659244136
14.267890796158373
13.314687673754353
16.83448146939927
0.3967806734955247
15.12502575928347
1.068876637264462
34.890452943810025
23.430463575045707
17.641377273152315
16.548557070910604
12.540022554447479
18.723535158753943
15.908963617440413
15.38400256101351
24.76697387403322
32.799157276206415
30.084537081157045
33.728945806390385
17.053233003196585
11.331825404953273
30.57303952965175
5.067805496892049
6.907408144650703
29.152388424349205
7.093601717040891
16.54605918624148
5.468760480476934
7.995504175814981
23.58315076236599
0.46420312507251205
31.152231493708804
34.37655972378235
9.366447889909082
23.98168394195815
30.670410570514015
0.7806679489800057
8.641636226955404
25.90132511945775
1.6955378063235416
24.157682199757595
21.26485680580066
32.13344565165934
12.88864251859105
12.984098439760167
11.42022976912243
15.225709040670322
17.53988002606732
21.307917753354413
22.734394427577715
13.886878378591954
33.205128674954125
10.751466073953575
16.555034657730726
16.67676756026043
2.911212337013778
33.24846691056287
6.012795190068981
4.9872515693381585
14.55428458640994
9.060513151825045
14.007318283523626
32.61884838157018
1.9519030900665006
3.9639966276729157
27.676461098687206
22.68047247577128
15.298458927816306
18.373238688628376
28.38204985704625
11.877643816249575
22.632775906594013
16.607988645495528
33.90730092324619
12.34872383861844
15.349089740106269
31.468847406036478
14.405307535049193
18.77257125178904
2.202125818326926
20.17512330064243
10.181657897272336
5.316852616136553
3.3600740870293158
1.6491329017068153
12.265532626438134
13.581809025688852
2.864606192505353
17.974078477461553
22.548008296296086
23.256870328217893
32.55726487805854
14.238526369912783
8.536373604137708
2.286701422456274
10.299193942592208
25.746774947215524
22.47220993122692
6.0984287707838165
12.892734683588062
11.939744424512412
19.03713218008815
15.020581621486153
26.121216237745582
31.78357906986855
32.586862000629345
22.927767577336805
17.215649299629447
18.02904587204974
3.796499019910521
5.399012236119789
22.70007030528895
30.483009591286745
28.004796036229184
25.11744926380076
23.33317345931317
23.288623476367217
7.661456863743222
29.87035193231641
29.719761921846334
12.322816271208815
33.75951656654044
7.195715445196493
22.147895857432662
1.4187378706487364
15.102342793311578
3.8538087076819703
26.01442449087158
17.379652918584746
16.493710413754815
33.32076585713563
34.1778811985991
21.60228889514446
12.91282497291987
0.4903816242242044
17.295354456201395
31.02756109675545
33.682331728683224
1.6455112989446472
21.218626122681577
23.169436789244013
29.310568864097306
12.420150003277845
28.845330130737672
13.146323867983284
14.909528235031496
9.913284774362744
33.15889867461035
1.7989326160225172
16.37997081044384
6.876273249536455
29.528489639175373
9.392632940452353
10.234916142716516
27.661044796448206
7.953479664911625
15.490907209660499
6.157754563966746
32.482145029073045
8.483904630684956
28.11848916205003
15.870109134720373
25.659737125298253
25.87633048765181
0.5389877638983156
31.272976078990283
4.000356509547899
10.384655691522953
30.764281266256262
7.484601088935357
24.86361733652947
16.283610130718092
28.144550418928603
34.953426772913204
34.51104251217846
0.42411106334970533
20.627975758496557
10.743464971588551
21.723249448756274
21.077087046628062
18.248803637818657
31.64328449811014
13.67192697704147
16.317535495974507
4.846509763501024
23.03337196170577
11.663573828843047
20.559110245064307
5.373404195732101
11.233962229407965
26.58886945964828
1.8163430285543702
29.71128975329327
9.573821639833614
18.24374292354404
16.40923080458148
9.899396880891636
9.209186465716163
34.101030091555096
21.661098526456374
23.827102752209388
16.01508590313176
18.536294615465856
10.918852974577876
2.0611430903478607
24.605032236487002
34.079528717011286
9.39435216866033
4.2192990741205065
24.53035466333102
0.8475512844306171
15.607917225380596
17.746697411660847
6.219161423754079
17.226670674795095
28.711870481130145
4.373868754228476
4.081551237978353
13.507719582171926
14.42800916354598
16.301300237275044
11.266001281586314
6.498250461164889
29.84425739827019
10.077154927003248
29.380394863555992
33.93309942542975
27.015923317779514
22.619996840211765
11.29433331906365
28.835892062725428
29.07414258618731
18.621851010058567
17.52706893427214
15.45601131182679
13.14405419283025
11.673783497971666
17.599591489755998
12.468606728956917
5.401065178884415
22.293193790340403
34.603792611086185
23.20485876544716
31.166068390367546
22.55848294726772
24.750901408473382
7.044027532042369
21.20918535608124
4.141214777343521
3.8629444525448555
5.00546060138044
6.39731608103281
9.153037398417124
32.99216611657275
27.290360038085044
26.867461095252292
6.074097585235258
22.88672588896616
25.641704054204975
2.079989102976331
27.153796443189407
0.8376830842352835
24.30650434240778
8.949248007487745
29.15105764651785
19.637904265440394
23.008893296692193
19.178877665617787
23.410338838074306
28.51177859481723
27.76603481309869
26.98641150960823
15.36463474548951
13.448268402181933
27.641908311698813
0.5227505218991664
2.748448719287909
20.713817471882322
22.14703388612823
21.84227171708437
31.575273916894098
22.67071195899485
25.806881266363405
20.26923460965207
20.92957822226939
17.72666740163418
18.68163850565398
9.965626166373534
5.182849639954958
20.366614802954683
16.79626573922989
21.408029356735653
29.59720557604704
12.248760462503743
10.977534260389751
10.818318050510005
22.994266721628154
17.724829484319713
22.70244776140022
0.6195433333642397
23.65369525277656
34.052829975593326
14.50751743698291
25.990800611765216
4.350657937922675
32.90558830638626
3.515212193831941
25.66456249342923
2.244235985017451
29.706983668291823
7.022822140591553
13.917026842218329
16.25007344343006
23.06441612898776
9.762609937189788
14.336270628759832
10.521910726463316
33.504406548931854
13.575973377704127
9.51692719324107
4.607289162645382
17.18157278092663
3.875964993791898
14.377583980417509
6.661700837047703
19.01056562071716
22.355330553181087
31.615798874414306
5.559961801153618
4.745936148832762
8.405537112210485
2.6909718816201473
32.19980246981354
11.005747316142603
31.15623380872751
31.822097123187287
16.656758488676335
15.725601823098105
5.762654329818458
25.062766098816457
11.951044128152557
34.39782346000829
17.639207039344907
14.984123029810508
6.843320465183235
34.26201197461984
4.250133515589195
19.10452902759135
30.61745968775118
18.513005914006076
3.5231887000295745
20.082959917053497
32.17252011807875
6.31017398957314
10.804699755743473
3.575699940524771
29.87223991981962
26.54048232828025
26.430279566054786
24.518789522664328
15.936345459290493
21.751706255291595
10.601036645731673
1.8569948522281314
14.732779038196812
6.697806173787842
32.35130569224874
8.840360904497684
14.44116681257609
27.977794126321015
25.13526171718903
8.510907515986412
28.117070143639292
26.931352265485504
32.572428894823815
24.725357223832894
31.561828559357384
6.158701199408503
13.481561338687499
28.62532320075355
16.02252098477224
3.8549695069764818
10.61329267372023
33.29062945587291
16.42498301601203
30.272015474098207
7.805910008524944
13.946367078710397
20.621830325603828
12.189231023459007
22.876133475511658
22.168438924328377
32.48989314693249
33.9744648143193
24.030303184415416
9.957565109834457
9.343414627694658
20.879187064110088
8.658925658206536
2.2886261172601903
7.736853952014043
5.373848779992395
18.706089892168627
1.9918525980603867
12.092351840918354
0.5192482747622389
13.707552208949108
21.58915364764685
1.61283364052463
30.576190017456213
23.107368466498983
33.44883528835958
22.178307059497488
23.790213134240144
24.403616773996507
0.31566439919846856
13.320540488660932
10.470684924268177
10.408802495227125
17.671384402291377
32.128778671141646
4.27207207766087
3.8084006062350717
30.87554579284448
27.241164777122034
2.988477969948283
5.24590836078723
32.8739690309656
30.661019158814007
17.492639306942813
30.27891930778483
19.10658609952089
30.27998204754087
2.0573676192946406
30.97206136502423
8.576165082162516
7.759046945424678
29.26463343252625
8.418433908562495
9.983314809840552
23.19039591014637
32.463658270048796
11.973115750125158
21.338032793504148
5.217590824156765
10.780043162737758
8.10056801348075
8.94610685094573
11.26832520486267
10.645743406891985
20.119132913574656
11.739732569218713
8.863694018865143
22.583278826434842
22.567015850309463
28.520660591116457
2.4923188142016994
9.95282656796259
34.434798067245964
10.679090802856084
22.017847922208453
15.07628083740115
19.66942800108858
29.168034935660533 