4.830660809312945
1.0347978426439741
20.69912071727127
19.51347805819648
26.418761748219072
5.492252957850961
18.816030241086732
34.40364774466122
10.795902521120901
30.274005438969596
6.340564041860193
32.82071070423865
8.315460858920893
24.849547483440638
24.186388186764677
14.976782593831995
23.115355214326133
28.039363779247974
12.615851660661743
1.487957581896671
26.425406257343738
12.434461136152812
24.99774144030078
1.3128608150863408
16.071633516127942
26.343516122269193
32.53438333826994
13.686028302820365
8.943718941869735
6.045422924609249
29.701302587630007
16.272956137434058
23.636313094136927
21.196374199259846
33.198901000150734
10.8149923333015
2.0096231583069737
31.47667342530646
6.2944711655560335
26.17282098023279
26.3373470523458
33.58288181585145
5.903733215319084
22.24897662784059
24.570339236713583
9.565250485118455
13.831087865865278
3.211805837713806
23.27402697592953
6.712872927585828
6.292752294992265
32.19444897498722
25.76161645019039
27.53855150982493
8.939259427504219
0.9157361034008598
9.537546178247636
2.043714568013976
10.969341850888
12.771233794608266
29.604751381082167
34.33904900788094
7.316185814911834
22.073637183180413
10.137879873086963
2.6639968925667037
32.67007372858179
25.039856874115053
10.933245731614425
34.49609724361439
28.52446678705822
31.552368447456846
21.716028287120228
4.44308010960725
15.26417760903629
0.7780829129206726
35.01630629774207
9.095963950899826
16.347243813380047
15.404602558364086
21.884273745172454
4.3789632333673865
19.883091005646033
24.40153985281357
0.31953563761593395
8.563073451001395
32.10280094044157
21.503264481377663
24.322409674327858
31.895362668251096
26.156779776027804
1.1076268992117675
22.863079852175623
12.240304875636559
8.507228023632651
1.1865277139660009
22.34302214657301
34.21252237247587
10.334843721897572
31.430961212489176
6.044392665449672
12.385736892608179
9.035148065648636
6.624541636630435
22.868224287707395
28.881461738070346
26.92859378824316
21.121387442688384
29.681163463607618
26.90155429318032
20.507506201608958
10.831384841655414
33.14371214251669
25.844372198037636
21.986983178521644
19.992817093172057
18.30155822268245
10.61176774385506
7.661133211993984
24.430736982853855
2.286102384668956
0.23116585113880744
24.491551209936457
11.980935721956754
13.125557127150264
14.989770654482575
31.94157720861127
34.84947728956492
32.96635387760039
12.392286349657011
14.379816005389658
9.264658983974666
23.839134342202563
8.765905558445631
19.854845875710588
3.5245533077514404
8.107236338458181
16.28858806661574
7.076662370697079
11.1319496657928
22.687305219543816
25.40432683286621
27.209869462325155
0.6684055788024534
7.025000892833669
15.624630215455566
19.35643712165613
5.333158314487907
33.03514735823838
16.55169195242247
30.31729056441385
0.7092706234487909
30.54078062382647
21.463344251438947
16.686130734324777
20.635336596451328
29.725011797392444
30.736103454714186
22.649720341239473
22.10761725174368
22.66992325598284
12.551149743528232
31.18477423898065
22.751510547698274
22.272024764802644
27.922835997969056
9.131823065861175
25.549734448749096
27.327680405986463
25.718544334383502
1.8392123434137764
30.058323435333907
12.084427176873934
6.972161920193982
0.32715606023752963
31.907459772160056
20.00869181399947
5.822506689067469
18.59148675692396
30.855349900932783
2.004979457175731
23.25135963250679
9.760373181560196
11.653804322191819
30.916439757901784
16.33232429519876
9.027059405479534
10.321172414505883
11.12141124035674
20.121416715673803
15.212908889536516
11.871853280204384
30.043293275040746
3.8473220497042764
21.72522053976755
19.294528113148
12.149019118414316
10.337671029392885
9.128147166206022
33.5902600645764
25.177902855471984
26.966807437573525
34.98585165816285
20.905119942975517
25.584594029439412
19.730998548126053
16.663652194529323
26.856059414243973
23.91015823841379
15.501220140425119
4.933754124946854
23.100561261774015
23.772202155804823
0.9785866915622045
18.54681460596879
13.17490555737247
6.532383959092233
10.044302543132389
0.890662546021433
7.054494022223501
22.566058030358015
12.42258066709293
34.78681131083973
27.05981624329412
27.20399920413529
6.739032861751954
27.0345391050791
21.299363944383213
18.613269288582796
12.936818331003415
19.729209774376706
21.51041734922705
4.897917379004893
14.274026735223108
11.709358854769219
22.03295866624369
24.66775691763153
6.0619923530489
28.898201892848363
28.994890662362806
13.240818571581
32.101161401865156
28.85822518763832
20.40943183716042
3.297762875099224
1.7051607926464798
11.337785529377998
26.01279405596585
24.887619017969065
0.7516433660122228
9.575068127428404
4.282774369169176
9.128386186331042
2.696785745821458
25.1813614212462
15.273551284835028
18.678709822283018
30.56461587065817
3.134111031732944
9.152788575589565
28.81020085380345
16.21022095455514
16.566661248174512
2.6207597889852874
4.197785035720519
12.050766874743308
34.725118530766814
2.5991427978238386
24.898555745253944
10.011791042958839
13.040848089219232
22.62307810760595
28.170508853098152
17.397917580557504
9.271714149929789
2.772566309963131
7.12993723034025
33.75537668855514
7.438157266126473
12.317369707606344
12.040493219815051
1.6985423915487976
4.834374960641511
28.547853661852358
5.687346392494086
16.14694364808721
0.38553824169789147
0.7269023364609486
12.680811179162395
11.03133266237981
7.330235737464496
13.83588660575952
14.042856120192734
1.5109291992553469
28.491838044611555
6.821377546354878
14.574230826409789
30.10079878927115
27.753989600112604
34.00663021244144
6.063180463355453
13.956086255068005
9.418599567925519
27.727797364172115
12.721947480681898
4.19544110062522
7.566935288060443
12.227079631851648
30.60535465064348
24.527760604883785
27.07058208167508
33.59201707301769
19.797258168339184
13.147151196569466
28.814439782977075
17.632532455593882
7.53645060636798
23.531317826619247
2.075191029600838
16.333948341278457
1.4117163069923562
1.8229791005271045
1.6010091590394304
6.395557495705699
14.507179365669577
20.308836048551427
23.207936163781305
13.066531072324485
0.43806287759423174
10.741318846251891
20.564006475517598
17.8429783042157
18.52058683319954
26.20364090459805
20.667532459357144
12.26991069546417
17.34264402627303
22.877597410783267
11.86211347427875
5.989117322944171
25.961565522669506
1.7461133463272311
1.4136440417720175
34.222417542295595
2.0895350819992466
13.039638081333383
2.2864755701406287
6.503294073543874
9.880193971859388
0.6620644007335414
5.180877768629052
22.13605898845271
11.940594284683526
33.32073207601479
33.610121900543795
9.888924359528678
7.750947718494962
32.78366866481172
14.142244290629431
31.125688408802922
7.195158430603297
12.786151589594743
1.0426472388397339
12.981180339406373
32.19708824291332
0.2984213641546949
2.8023349879565895
18.702510426396465
11.653142485333362
19.79294767781139
10.5221080160122
1.909566437054694
25.536266218239795
10.431243596176909
10.82142690527766
5.423417681610612
13.95416594953388
12.054710015902593
31.176120874867937
16.95716214532957
2.5604529940037835
3.0313630215792484
27.801259922423373
25.533169409579237
28.20455155816701
30.98269271292745
12.703801491559076
13.411971953383723
11.089147880235448
1.531406557156616
23.547936691242004
2.1029642642639503
29.279791044208935
18.797614539463456
4.176435042214879
2.3282816254607672
10.923954639114001
17.98344782901672
5.465272083924685
19.18739444215719
26.909059895755462
7.011426441995396
31.853633896592406
23.035025708511068
4.5474108254218235
23.2162403045841
12.99148330490291
30.805601543206283
3.7407845878602446
11.595062887127236
21.148336307458287
28.77182137135771
34.46928512898335
31.7321684631586
6.385248466514227
15.796753544599609
14.646328565603968
19.973506825852
7.950065414505755
27.928971758211688
7.523488783796826
15.146079233229809
5.807757653376225
15.079242814196311
34.54068643737049
9.899963925779135
18.739509889906405
5.110785616855404
31.06057316876397
29.945257015956624
31.86482250293714
1.617819184489918
9.636170762049469
18.824873205397918
8.473921122746523
34.87909904081622
7.158843758207175
30.837792707967765
21.117407334123516
32.608849933857904
8.461420189760114
34.240031698228584
18.84516936773954
0.48466599838346663
25.96488763092285
22.670101200231528
15.541858731263284
24.64352470198851
17.719370760814265
0.7790529252882124
16.408618598984784
34.52074297724151
23.817085138019014
22.202472005516807
11.002234160857416
7.021318490556601
23.55586626476597
30.643249801552475
33.039221852360335
15.210343540165029
3.6667119536209687
23.440979387614064
19.827211309459802
27.819996170793928
26.23712573347631
24.876082456325683
16.32076518571389
24.217219653283838
9.50095698141084
15.481423411959641
21.316994405640653
0.7322616023642172
32.932622095398365
4.033191840292788
3.677090560866926
23.320803570414892
24.852014123011468
30.732513893621505
32.141338176494955
5.895565190649514
24.611728246377236
6.976624702127009
5.511760888620662
32.48965264746098
29.932390196691646
25.076304476359663
30.0264421367632
34.82641105905739
29.30975889751163
33.71772715793241
3.0548361699096342
3.3862371912236258
22.44419837547064
24.05780901500885
18.40914761367359
3.511013011934773
24.910283467725055
32.56619481493784
24.681233260161665
23.09476789708829
31.1351785628167
27.05343470019967
24.681461095777
26.924001083924278
13.753177075297526
20.371200045514907
24.0390663290426
17.59699461892478
3.7336842286828156
31.902068432074195
34.12849567091888
29.436178613555875
28.902075553492494
24.278133988230817
20.878303195226362
28.7144268893965
12.428736926851148
33.523012387219914
12.088127445104714
34.25188451488877
8.591345615587452
18.523473298297716
4.895088689702424
1.6429311886214144
12.765397480104793
1.3351846412498949
7.250638686981878
2.6543104243973255
9.512345445840117
32.33391727483551
30.789399480391687
10.718199343014325
16.01205672173911
2.535528509231746
3.0537741779551144
20.44802397159932
23.523426309690034
9.085208240352493
10.129444444347714
0.5324883120120047
26.76874490576424
22.664007739544452
17.86112164352009
9.259520482085394
7.2977042092154525
25.649460284085258
27.706888020840513
10.405469706417291
31.478573995383073
3.3266668832001574
33.65591266503381
11.45922082315923
7.2453285971568375
18.13968741494544
13.0825757879453
25.726799396647397
0.939301572705877
21.58484762767163
33.97361259694774
9.707085820626395
23.73095366780074
5.928960006983926
27.307437418835548
34.60151488893853
19.83386818982266
34.97012774939419
1.0081841880337639
27.242339963467533
22.739834878715584
0.5924839727914553
22.70593438598799
24.308557220146188
8.541278596874031
14.903543221821398
14.055224432205199
34.83172139273075
13.828480265707903
29.20724111268682
21.324910047297166
29.038394243390275
11.281108140304958
16.024426025401418
0.9623018016009768
24.13215350761382
11.132354665342188
29.494132646132833
25.4363053944042
6.102584271318274
12.91286104621494
1.096665494476724
13.188178270297357
20.142756727654803
24.767634654215612
8.994204241737807
16.695404367285356
1.9438579649511145
8.39232105337903
24.943470021336104
31.761632395776036
12.83596612775578
0.4191366713810008
6.844741060479786
23.227271563735062
23.84042805508901
30.509338040899785
16.668136402601554
32.4007733643003
2.3870716351110515
21.508451151438766
6.762716711288926
6.160771552943304
13.367307638087961
28.451083024328014
20.06546284082808
17.3846444774753
30.565469567376212
17.48219177190456
29.240625719904823
23.84903460032394
0.6061160043467817
7.444689816358328
17.37788477440342
21.687196718227423
8.620499568218223
19.764357323678503
18.753623944567696
32.86158894920747
32.05309840994301
24.00928783209005
5.8593941774280385
10.16716355302493
6.085207769959705
0.15148719275116246
11.938390968787129
31.200287365259957
4.195139443994607
2.496992297341311
18.678686575409674
30.173905670360238
34.58734546445164
26.063149758579165
33.35945939996329
21.19722986302102
12.669356274193708
27.97285821361749
11.998748029036033
33.21151772857689
13.400233631638892
23.26728767483391
33.08818165338383
0.22126590189197626
32.65653201844486
6.9084479626644955
11.717924222150874
26.348346009722405
8.97824508436483
27.75533087967835
21.638830313966743
33.58279659899126
4.471493446115071
4.057526455974406
28.651435161826498
1.047338457880617
22.005127639528315
10.750603192282076
2.052582404853984
20.36833338090046
10.76971971398219
9.14779257865955
14.663851571034268
0.28648905294159815
11.720093789439536
27.901577870254513
0.9533261675461814
12.921414188667395
5.20658845290366
0.41661731180300393
34.32323575308717
20.82829697602784
26.11635425985322
19.88968775301274
30.54101616504877
25.422085574597467
11.48487169956878
19.43138169246792
8.141879788252613
5.059394241649767
5.182183527622591
9.171264832879421
25.144487084438456
23.918912637014493
22.993655182550203
7.4466922012375685
16.121281879785954
22.927110682471003
6.175217290091901
11.782012974550957
21.256755237927056
0.7024510799987391
20.656770538805883
5.947739790408198
28.743087390563286
5.376182197096747
23.013145605010404
20.826052449765058
23.303286921297513
9.735176887192132
7.10791159816114
12.677432254250077
24.06311278103408
2.8174865196877854
28.979505312604118
33.94472965734181
13.021117703753836
5.210659630688442
33.93021678062195
13.477997593003813
3.64013505508113
30.601957908547114
2.3494017512817296
16.783053712024024
8.817601467692079
15.940853580754819
27.69833258621383
6.257022175793146
25.159990115397235
5.192869481293338
14.216660377101675
25.052173587822626
8.476139654778201
2.34459577722061
5.830418786795039
11.927371024198301
20.541506460813274
23.702772328586274
21.03478966945262
5.570496650147625
7.25171539111848
20.750476848266132
9.888832688816239
6.210238054522922
6.894346246728285
19.085183402264633
19.671704861638826
32.52454464372154
22.880516827917994
26.018071697707537
8.856887090501605
12.91129050045704
9.611188501481722
17.8762465632711
19.089247817322626
18.160957621280186
21.464078056065443
29.019185091840992
2.6290680914661078
4.1926825908697625
31.02603294809243
7.99873714937843
8.09836632323983
6.852984531820118
22.132552140710782
22.82237540603402
26.334389773694976
18.790585091378002
25.675243310028666
7.20329277169135
9.857280016500539
34.47544340455436
30.50224930515903
2.2598114876974718
12.198972731401549
12.051591065814415
13.66661230286798
31.725863342128203
5.147135988645837
13.608931770568747
4.877667108917432
23.034592975279214
32.18514895763822
9.098967105548262
31.91057842963025
2.6025967955061606
13.128523672037321
29.937805011242617
11.351035954566271
4.33789127529173
27.800402828085378
11.127984870902537
25.87236861894141
3.7732314682285164
33.26949783666772
10.372714634283382
4.624360040773969
24.806337008095966
31.072325828790124
18.00810071552794
0.8781089580540707
5.530454414765239
32.475576519342006
2.819018261049409
19.812796817409502
29.93042720144465
26.99492892015327
18.874011535906064
31.39607409319505
13.178233209110994
27.54954116845219
19.08902417589843
14.4022162048476
1.7272701135696291
33.822286684755596
14.852525487270967
29.367298843125074
23.29239740304773
1.2684714631582312
3.1441924203877445
4.03725989681905
2.2275454777577517
28.475112634528735
5.002894764312309
33.09466359696063
4.431234917271253
25.646143377929445
6.870331820149737
34.40294261659737
33.85550071194423
14.50971148664308
27.955507690233468
34.58467155380728
16.033419118996054
12.46648360664528
4.628434047199284
23.456791878349755
6.302258624278058
17.413897481294388
33.47110691472572
12.479990235136984
22.17022574729115
27.610341122279692
28.543966914681626
10.184157814010808
12.422267679643628
29.526431250464896
9.707979443442992
3.839386786386136
27.99999219177674
14.200606671606062
34.52302980305984
27.34108110676718
6.569323435915009
2.4937494235359976
33.99707764951384
20.06668313911311
2.983512193953615
26.518167898405363
0.49851225881776606
14.304187830192554
29.87728416620424
6.587074634604846
21.552661323620022
16.67868380165586
0.2067959099636386
33.83417659887381
5.222198712097814
18.403444667945585
12.393660841364188
2.570212567900035
27.417779255887208
3.939749976209246
4.180531108785038
1.3495013501231532
3.4967657998332258
29.83218859702311
16.7009257272964
24.919984550537187
21.058865838426247
26.201127429892885
13.334248649662323
31.39963351463516
3.1800582330496643
13.35231878570051
20.90823986845698
8.199810476416896
1.2012745387657935
25.81810763668491
34.397412803177836
10.737297689886187
22.801802557129935
29.67337384276381
0.7134534512518439
31.020196389740637
14.63575761080178
16.860897265481178
25.438838702106203
13.769201258889648
10.404169198290946
9.620933915918753
7.113999206488496
10.25980873212806
27.102568316306932
12.613693570500761
0.12762180626689398
29.761067047687288
8.324355080149319
34.69198142959543
4.234852370346689
6.649119856785526
17.02614371430644
9.88105930827066
15.205773464970411
31.589514837708943
17.643069174091693
10.073650599027308
5.393840131931775
5.593886337325739
16.344646633674287
6.664488803680433
30.957235257006744
3.7685665522932776
24.68762683310666
25.81949170350285
22.748738252384356
10.588742983818788
4.7015324423667755
30.147524858384234
10.133265303701895
29.83898591776277
26.211438718745473
12.082652595096913
12.057451553814854
7.431777446226834
9.823793334375031
30.23574588112851
26.615201046776395
25.443101170771154
15.58714099071958
17.667377063997243
34.5988150816024
9.368891851585982
30.146662285587276
30.546689865234715
16.04790791975828
11.604959097366468
12.920513998202663
24.98777287213619
8.324563472925124
3.2837532525458775
10.620233458555877
10.301657948601157
32.248638379633
28.84511577180626
9.543593307753575
33.85644905432424
30.44850186746822
6.604450778319209
34.308024250925364
9.543379062618047
30.25563106150858
11.71857209462877
2.3264531857177406
15.104053438058624
32.60461497128365
7.10577532429668
11.68376297428451
10.771222079749315
34.39805402672483
21.514341844117997
1.0355318911187918
33.03627343353187
0.5669538500708572
12.549388540895801
1.5842415957100449
3.8686050987173064
30.322569701758574
19.614360856280225
11.332356701676797
4.591858001915309
2.2048533105758508
31.105399968324825
15.314194915205176
3.5624942533752684
17.388369358130028
23.34816761133748
30.92053762894952
15.383871874569582
22.57052681095976
17.708005120587906
19.220851000886675
30.642473502291768
19.991960177656164
3.8993791470849644
23.881717216993163
26.242570964041295
11.662015881915107
29.285381787195806
8.029175239784875
30.921753944378633
0.9157997315562931
10.606944586615533
31.33038616724409
26.303199671320673
18.238817886475665
3.4555039164280017
34.557425405420005
11.946315454009447
24.744368256749
1.9734031803424812
16.209158296081874
33.61724584798222
24.889052277121795
24.840429945919116
10.590677302503138
2.300941010233626
5.249146796553086
17.480987827713648
9.005935703216519
4.401964080011568
22.440779394407333
1.5056798439189878
10.08729402642754
25.234811087622987
5.924269519488009
18.29578519494676
18.316547270148558
18.157889586721602
4.810306789892839
8.051649048922886
24.621522966944937
31.95375104345883
29.99100621243605
32.73648541260839
24.079092389152976
27.011961253990457
25.85096185754646
28.007333863253418
32.86002250010138
5.725788283853652
33.847471648304975
19.20798114164595
23.802862603367636
27.539131039746504
18.679418819406912
7.570044971912393
29.580850571565016
16.655684613180266
32.587661920664154
1.4613380424136282
32.8697184458422
29.042806109793716
15.60997566286074
17.432170580419083
26.39091386345638
26.202451591306442
0.6787439673318694
6.228869106727454
5.830270608298162
9.436935027194373
21.695691255799876
11.74545030841157
0.22967995326168117
34.42875114907524
13.780593787457622
27.324969040239885
15.059305791663027
13.655318760462098
16.468723926482824
32.30110099677283
2.906497480942236
23.827252036151993
18.524101126443565
15.446996336909411
1.272112996456567
29.43675700551861
3.7124237112547194
23.68340761806424
9.768269965613156
4.732311660318856
23.79355757899976
10.792328728886359
5.119964913028562
10.783576151019787
32.56881650952821
33.83336868061404
26.5542020802052
12.643351248738139
9.834622101879573
2.7707279699782394
11.143642664262886
9.747417146322546
3.365833443002429
28.62525762181154
14.92033570644927
17.001029092869622
6.7078435396922815
26.49588664815879
10.035080524733253
20.449627111749564
15.556717254851012
29.99593172094451
10.78745023433434
27.85916365721982
21.2220444534827
10.79995144368218
28.50287580638443
17.779611863057877
0.8413770936924693
16.57035016933005
29.709772090108086
18.977142046537328
19.17628827280177
14.801099339294643
2.904483245034557
24.884674695792402
21.087791662823708
23.60786023794442
31.738818011815255
13.412156058866678
14.183408732245265
24.76274744615023
31.586954966796416
9.530004307298768
14.930231770379507
8.770747768367368
31.41649691035501
7.317665616580916
12.033978275432029
31.844614386096247
11.086855039491843
32.81700329938032
15.826478524973801
25.484475874666597
12.758078161390948
17.962137257656433
31.316040391650876
29.568548196138767
19.35377418418626
30.398539378402077
4.741350483602106
1.155632700574178
26.75081547020773
0.609468821232114
28.884797648138704
13.173863187079576
23.923952006432682
2.9582803139871254
21.374188021610927
19.39685509478929
21.335007123527333
24.186526643841788
17.303830688893157
33.844861707203705
10.253386612672868
23.89806331288316
21.685920107236615
22.075184205703533
1.228001859207069
21.185270013204114
21.12427376147757
8.370152233465362
1.4589693323288353
27.969493610729938
25.27123841794378
24.67675570102034
17.661802528795494
10.728973065824361
22.532588190023265
8.46594312094585
5.524879456893066
8.598630681740362
1.3208378902633915
10.499593776822435
7.530289534669544
24.71424247101655
19.309605775094248
21.184484528989955
7.922640574068267
20.83859080534059
24.57131571918993
25.976991465045494
16.635127939548195
1.2878182264437816
14.109072920640555
32.18544196578169
14.023554972799912
26.223400568118617
3.6613416495170004
3.0036494322156466
15.857875768369192
29.517662220964883
1.9696428766548775
22.831105338519777
33.41562282180021
22.547350556089434
12.202230675033148
31.897164122113175
21.523129276038034
9.083157931149744
10.580583233735604
7.203355034296182
10.903727615899886
27.134724269370746
29.398513314075004
24.253727258472164
29.60262286159434
33.47570753598678
19.981260649762174
33.536527192758676
29.767350775091582
9.202904884177098
33.258545844477894
0.8560096999383338
18.125764423572548
23.453658703776142
23.464364685522384
28.846372094616697
30.65861078273554
11.925748116077436
28.175975233440905
4.539315321243156
26.797843813700506
22.97975558435965
18.210944332612964
23.73428198605801
26.957319396911867
15.163094497684472
12.497822862909745
7.687030684083085
5.850638104402186
2.646586447521741
19.338208337899783
13.158159761569943
4.371278386019172
30.36660386422116
26.572132604950884
34.71619616944205
27.194443812567155
20.694994576074755
19.986794088393417
21.8049735881499
33.097960995250695
24.939922418411317
7.047755598981832
14.04543528763579
9.948310854687179
28.360576167415243
34.98688334789925
3.334043782631055
17.996719160134447
19.052420819602414
27.60194701770271
27.10699352934185
17.16687792833249
1.2743763640663448
32.56649086305705
29.656913999759972
3.3583565657595953
7.693438481513512
8.814432837572474
32.50705828056573
8.272695748151142
4.3100419762087725
13.57614542082343
12.408455899362032
6.855953417651064
2.2092451814169003
0.18751651384112195
24.00153600773612
15.217224500879063
14.582961994393708
2.292111295014592
31.401550910245977
0.49504070405627504
25.779138073813538
7.828309704029686
6.4005082669002995
27.8934197133137
3.4819247032722282
24.772677616332405
23.92989741867532
33.06145275605673
4.827600805492422
19.42668475111975
33.932443229595805
15.987239936642533
4.368048111043819
10.986057913451823
14.432612824782787
23.85366352424688
8.583069257236787
19.06546073866276
2.389067744960144
20.14638382513249
15.90689084167895
15.4575458980855
4.025159882986778
8.326726358769768
4.72469008348187
0.4297723597843474
11.045328255526377
33.09005639179488
31.72999437654771
4.756060357252869
4.009680228953777
27.445665506119195
18.7850453452035
2.3901004751160486
2.592793995430732
22.926290604308257
27.302849168812678
27.308167874611755
11.967599559698536
33.35947697329902
21.492584916532948
19.384391129208463
21.31725096658829
5.044281449288627
30.466966793939395
2.7482999392985055
18.213272189975584
27.947895119527836
11.372252384217788
11.815568828317081
26.65902052517647
28.79267788088626
0.9870996152981193
21.98078159548868
20.494867738169052
7.880843167235275
16.563285363237938
15.703632779986206
20.546487908126753
2.693900646273881
11.602178885110371
1.1041721699844804
34.62081684915909
30.045743576774008
10.118857720687382
32.065537112837696
23.60245402311093
10.69793642532724
24.56005475491984
11.267392777649796
29.885124800116973
33.632552125858425
2.856180062515442
15.998853977026027
25.01179703639106
28.081150944451455
16.71902603550027
14.935694492997436
30.76135568788727
28.135776561231815
27.13394270298629
16.26272709049213
26.270148941224868
21.32616612625928
15.238627799627848
25.201348465198564
2.0889433921746923
3.095107200044083
16.918415020897335
14.640558301482592
27.724734417915176
31.064380860308773
24.119757689510656
12.259953165500285
24.539865723274257
21.057193510378834
33.00499549699205
33.449643385441455
0.8493091544693172
10.241753405811284
2.9321833902273506
1.691417111072881
24.72252824191244
18.925814982262423
29.289458004512568
6.716788562654415
2.2814597727268837
26.934843620730728
21.43026538124681
19.300528375006493
8.263363494054
22.016275165559104
23.553645391790404
28.227723261201998
1.5012789019203678
5.942032975620154
2.6500223679151405
7.26435126976617
23.6575759199958
29.4538328093833
11.419974785060608
10.940191913626261
11.597836076551667
32.84664540383821
25.2717303087785
32.943964960191465
20.119292617968878
14.42388432287385
16.79647418077536
24.91130641143498
14.848124187628143
25.21602686615926
4.414029418612481
15.758811899943925
5.353446917531553
24.918843112799426
1.8747217798816718
33.38376763125649
10.81744648783825
8.345912897451345
12.996675664758188
13.341536950869635
14.251369665942992
14.929536623840294
31.99810544379415
7.420330328147887
26.896193141516697
0.2240013110830822
8.809183173361575
14.097323007972161
9.258087548063763
18.125067667634408
11.743281651489978
33.60243419204194
20.32434980883637
4.662220792813037
32.7396564486981
7.553324828953319
27.850892338401138
21.848731307898344
0.4988744873715129
20.392163133016638
27.258822370569412
20.474166560021487
9.062997641093025
20.853443850469354
29.83164627835544
7.586175879786685
21.40753473479973
21.28409469893881
6.357860024502905
9.318120940306871
14.696409857572492
23.833327500832922
15.902379338851228
9.454088992574473
30.71690291913894
14.142488968035517
0.32729601291768434
34.259644467520104
34.28081281028256
6.039608458915411
1.7989487912945297
16.651828607154634
2.6904542078895344
23.499260079402895
21.851602524348134
13.844723798993753
22.92682056799429
1.2992632799402708
31.91265923612978
2.6640260730825447
33.16051065832639
28.89154293164649
21.80978642247714
9.25521085315501
4.687141896221679
32.660414717733445
2.3436037859909997
24.068707750725192
27.0307709982452
27.79016350700083
13.589143202893771
21.398065795589943
1.7823756401038322
17.39236102510535
20.61474334557099
32.72109985151449
9.86876600400198
18.056321981267487
8.38715436262376
7.928269617498214
10.713867052446567
13.02062026943393
31.76096657606166
1.645534188173786
21.60332539682108
30.33330865179792
25.550466367615236
4.71835522921277
33.60261889901742
23.428719945749002
23.246885243393645
4.380686476944391
13.93496024437421
3.4605934373177023
15.364946318618545
18.684877981839342
29.500816853764288
33.04572637629174
19.799820575274254
21.302838994303983
7.197062186964649
9.87189919483215
0.8944891439394554
1.5467541104254243
2.2087800001016924
27.279899709138174
25.614140285250283
27.5653221214716
5.034017093109707
32.507360294840545
13.348649665028702
29.06269985737816
0.8573357145991374
5.501407267699412
33.02977362400135
30.967397310686394
34.919460506164945
22.210966234214716
14.12199364664121
4.969284938784295
26.785294907620923
21.53440446479356
24.031827545301166
0.6668129566431555
15.16848582151378
33.28843134207405
14.391969958470712
4.0720350572203605
28.122697382591657
16.77630065788305
34.961762760306826
34.97124039677342
19.708448690824753
21.685741691547836
19.076551724396005
14.241837163603993
29.270197612302596
32.114232289662375
4.1658374754325065
33.67909007411952
16.984394166770738
6.410125075732418
14.969697954743044
8.775882726327698
12.987678669590405
1.7717814059151906
13.888494816604014
25.461916783642177
17.624976473955464
20.185809449391833
15.230332128490096
25.418745893008403
25.176214352152556
33.4988177079619
24.3763798755889
31.29471070258216
20.187319618305256
5.701055496375655
2.181053665599138
15.122308004710863
25.21294665544114
22.46629899913698
11.485449815170089
29.147770603653182
34.2139459589785
34.26106207161057
23.195799198800007
18.544673991604203
12.10828549175687
23.9413189977067
15.559818176419933
12.291749409776346
0.3683743110497076
26.448889972434735
23.10771951054304
4.438146976774593
2.1743852105692696
7.777640997710515
27.578700160614947
20.414607615329817
20.465695448144487
6.331762564276822
24.537019200531187
8.12637132760453
23.69418060932931
16.276506357664157
13.483493381454178
26.186480420339482
11.536758005584883
18.717387905127076
17.32412859068614
25.884841541883926
3.941534003044597
34.16467013052997
9.027981217162132
25.81406136394206
1.302392374118635
14.681973971896095
25.584195857643035
13.038925166379787
25.215199505059967
25.419256982834327
33.76610105646484
13.12918092454733
6.073562386938586
13.891648116792455
8.638061930767664
0.7388146521116583
3.4269869606399737
9.11186175603504
4.256170240900071
15.831714647474564
8.755930064988709
26.75015514520887
24.42207212535691
31.209270233481632
15.52746340569108
27.076086729947804
21.376583912655324
24.75391031794221
22.704083414660033
28.10996767110974
12.292153141314463
7.153890272167925
17.405923966302836
4.192297131699227
24.54762066888671
11.751822178855921
2.589649831426081
4.9930117381390104
6.633384942329271
31.854920928034836
9.755477601369094
34.10584473035991
32.759361799069126
24.54497847478075
2.2551513999590043
3.698249230979286
29.827716548853854
11.36058326662668
25.15682283457168
21.781751766156507
26.826339912328745
13.164087389141647
34.17554386366505
17.229386218476254
4.53064201033772
20.668249666041202
24.32400343444599
23.77100341371144
15.742013888087424
2.3147461253277615
27.80760282368709
27.406254268910835
19.703407224311
6.775185114909208
6.2531178390301365
29.361173259485735
25.071769856711036
23.634460822284584
24.97592673692002
18.69068225467333
22.321173694584513
16.11244540184013
14.055168086986308
33.88472729886179
16.971359970017676
31.719179167009855
32.44894701459088
9.095844188860717
14.334403222054982
14.047091798055398
2.878595917035641
8.724579738010434
23.505493021330036
21.8766008138789
15.062749222584738
1.7076911416555118
18.95467576418418
25.60302192347878
15.252443627791587
13.02917349316916
0.9615700940700482
11.8343450352993
28.034561235319917
1.7208669817704267
30.936907215561188
11.222029576807218
0.5902049988890825
19.31390556880899
23.62974637262691
15.561542460416444
6.361104979147231
28.945388087488116
19.10749609268816
10.663551649832566
5.226101975928209
14.184228745381793
3.6340226717642796
32.60318818223973
18.036417423074113
22.95810040655101
3.3592265027758708
22.314469914061092
8.174062824736703
22.299405029766906
34.26403697236678
3.373585088534259
19.264421835281297
29.813090412716793
9.913912131068498
8.792197268244854
7.900700191262456
1.1934325880721257
33.66118456821165
30.24272641324061
4.294262014839205
27.64781916250598
30.04504891793144
33.354412113602926
6.188859124349763
31.59620798644553
25.40276330993998
0.9317396411684021
34.13420651733251
20.686317607444497
13.795724559568356
2.342371425342319
3.3564223283580192
10.095396033228122
21.76249714502348
17.41009256962045
4.432641970857666
14.383807444773213
6.5274095833800825
31.17202662903191
17.966543499291916
0.6396868791695284
13.099414002261787
29.44118293384194
8.277629921403305
17.4173207053185
21.18386196796786
32.36994303573997
7.882022921672666
1.48073263248336
9.727738147826829
21.727761325484757
27.086828102213815
27.353399787517883
4.1452774529501495
2.322962253142944
26.253320773459237
17.78063496933335
18.036724265545704
28.115201826567375
30.44123279776522
24.07593851998512
8.91556770979473
21.657263280051204
29.189487540539982
2.226107455434471
4.306271447148208
20.026234619913506
21.378961206201044
29.798397380856787
7.342924579967679
17.633149196769367
17.902019542663652
33.327485747904845
7.476343116748155
25.714621026221057
5.721543177189212
32.321335059075174
28.78421255634276
33.263817812681964
19.64060818568488
33.54299528575081
33.744533013789855
34.65262884603674
6.139006139436657
31.573543991873073
28.50654769067055
9.671599939906384
20.801410926585632
28.081433564656415
21.46902382024117
7.4105869132670925
2.7813614800032447
15.307617854526315
32.66457766377
2.488866702279733
21.754552615469116
23.529126589343054
0.1577516886511478
12.493716879841168
8.499144370482423
4.967311458059465
28.527689925406026
15.902283538973872
7.843980453864199
25.40400181556637
21.74730370389405
6.428726427211356
13.406442221246966
22.88299653775887
32.783869433263334
17.51655965683881
13.380013289868794
32.53085914478405
24.27627950548702
24.620697280270786
18.076435111058775
32.23235672472617
34.484826232793445
13.64601571939391
34.66594049341034
20.403750187519183
12.538334034871497
25.255272205226028
0.7074174737424886
34.30557907000686
3.3579089252670014
0.16994472248990622
7.95792324785345
20.352834592902475
29.567074311855627
29.49288659746502
4.493965434518946
32.637379959915975
34.12665586784406
33.4252938950122
10.535650230102332
20.049445289910313
27.46315068254651
33.37292107908101
3.0728718745647847
27.22684085033845
6.621039438263172
33.828147449117466
8.622335437206788
15.709121854479442
8.069306235956395
7.1896953991108274
25.7010379756653
21.80601140660745
15.629890251348419
3.0298036928441525
1.5936218716700243
21.88016091809431
5.076049651007683
5.824164126110699
11.537345582501077
28.592793135594434
27.86068481556428
11.877467188781822
19.664198056078636
11.089720273529473
11.151620649807004
4.190677946329409
32.244657718345266
31.763512628902614
9.526358726118291
23.480319990091875
17.721691514062435
4.873267207338319
18.90681825511453
24.20763486986465
22.962929855077242
14.706396763130872
17.129821420571805
6.857990510274773
1.535975348083404
30.51423467776695
29.14454110899246
14.846514756191196
33.07699826539317
21.72617730304294
0.4641629226125256
30.476548748718052
24.14947166419726
22.913127883233052
15.541109417883522
12.049814728329478
18.722393753529293
31.63605156672843
31.75079148462507
5.18620021343573
6.858332174286715
7.278322396797782
14.095509020306338
13.681082408592202
30.550131329113295
4.067220207080328
17.020882199067103
26.18282936070004
19.99476976550676
16.209436592043257
3.383880510989375
17.746159238414645
32.08476923489889
32.640559465670734
17.74323796803267
17.897663485012792
29.936595929980392
25.94069274032962
34.95480171980391
22.70908934434502
7.512571206733486
6.207789329675471
0.6493132956255263
0.33716757821985877
25.61761470116542
16.138459287118053
32.3423112331035
32.223913850484834
32.22818109857689
34.12644866179675
29.942781857951093
25.175527463943176
21.95428757286514
29.04874178436004
10.638801419071282
8.177200291040783
5.209430082423739
13.265199095773335
22.93640478243406
22.73841312920365
11.607825485619486
26.185215806686106
25.19308189329388
2.795411630147673
7.073692411933518
31.037223846611393
21.530740757554497
32.27727109834766
21.32562136910839
6.082894364674296
31.091455680865163
25.327354500693158
25.2312483498457
15.866706816625719
3.3876624684079544
11.488146452478027
4.648782718212865
16.35005000361069
27.657556204817297
19.142091244258324
33.5332951295623
10.3567501935301
15.595488780371978
18.325935511820383
1.3926395650818049
30.3070334098887
2.870702319267417
15.69962428747668
22.997125420530757
30.860296380396917
15.319088690918697
15.990811550498734
29.48547663220169
19.59742149367986
5.917973957311827
17.218328379858217
28.145661717013787
18.720328130651932
31.82981342696901
6.701933908126725
31.904765605848443
9.638524174716206
23.46799433527917
20.028524436937918
24.953230375546983
21.250477818066017
34.84059771549236
23.37009468002492
15.431239898774619
15.739141745014011
23.86400861047687
7.8995057246429825
16.02871767458221
3.2706784631755133
0.33636187085154334
12.076090961888545
6.508138900770931
21.48583405702687
10.65475209052266
31.885336454343236
32.19963042669424
8.114218610021641
28.90756955372183
11.88373916269701
20.345206968627114
6.101649795779497
32.1178162259871
29.490369725139907
32.01426338631905
34.61207142417663
22.70412813644225
28.861606664829743
7.420547873364036
30.55247558933969
8.55651627208904
26.628351640461727
2.09033032014628
26.405205618518043
22.02917999264918
30.980960934659183
18.508489696777463
32.3511824187938
6.768503947253496
33.60547528948924
1.614703485712698
27.09199253330797
9.419936506991139
15.287046680047375
1.121018236216929
3.556481977922792
21.07211250835037
4.463109924555254
2.7984218401408856
22.755606207854562
21.286413891557725
10.425844810588954
24.816094208535215
20.508165811319408
21.917445245213766
3.321395467718953
14.880603792441198
12.52977599919605
21.06310884799512
27.69201813392099
4.862079169973001
5.422902056205902
5.288049772576054
8.02028020572871
21.065658802409224
0.7277308517756291
26.605668072997304
4.8651531056609745
22.175853603992593
17.465672023496335
30.87869870287561
10.41075255025651
15.535273721129132
18.70131605731632
26.490066915341203
16.95488773951909
34.15588565730291
1.0300819298963706
11.260146288301394
12.825435001512817
32.88661126592621
33.674948781813946
17.20306550698329
15.997356228120461
34.74981674055278
33.68441351057604
1.723334011498567
2.578904736409023
33.864313146445525
22.977555909931528
16.151701779107594
10.53407518127876
28.488285272102353
16.93130110417974
21.752846668866404
29.767967597549838
19.56983994005423
31.104400011383365
33.41860416015212
2.8333331166754214
16.027776403803532
22.361426045937513
29.330688951694036
1.4716066415533464
30.90063638709332
30.010555597420456
12.196143245527894
34.3177931073144
34.085806153128885
10.167164317083003
6.098049294025442
6.514868805577892
29.86328746761195
15.719360313966586
5.593667036401672
12.658856002891731
26.048226241285402
26.914703163670847
32.036459175857104
23.63916503031274
34.21817994615947
0.6896279420964662
14.602405175305696
14.877482842796782
29.897346445492154
29.577632586545086
32.39238150312788
0.9878031502196032
33.80509302086871
5.164101020346211
19.454735078759196
16.62470202572781
0.6129124472324823
16.940448716327623
0.9433362382686082
19.574100620498154
32.89228511242115
24.303230142221395
23.741136594896737
2.519987909374852
21.148396863124866
29.78958045954637
33.71035591578257
18.809111597678704
22.854064665923033
0.36481176835107804
1.4839203965679477
28.39380355749191
34.8686594064636
6.25333699364521
33.04450487502166
34.18073428899031
34.643493540100835
27.155347074667688
26.899146339772276
14.947718832567178
23.390317476534793
6.2089252401846045
19.740561222630735
2.8300947947054484
31.422670174469538
6.339658909402805
17.608149492918333
16.66022363835524
4.143001356457973
33.889979629147675
0.5152184048831695
15.798900271428797
15.815680823745456
18.560939129851366
6.190979531816751
32.32321072410985
25.397829234227146
22.736785815556434
19.16825057693192
19.354287094746322
4.10834160133909
9.934444306072507
4.769606960612793
22.2233295392083
12.447947313898597
7.285131893696977
23.81066672505831
19.06026205500767
19.746848233859097
3.763835829824264
14.999745416394532
25.03397286287984
16.772725581380676
9.78613754497871
25.747233577139152
30.180403057664094
4.146191640308554
17.687709185838052
27.21393126007783
34.02435484792076
24.675644484217926
33.89626729063823
1.459888396653675
8.505522158312713
7.4267348417542465
29.804796643595953
10.163276757084533
10.58119951972755
17.56127370093567
31.76455566571425
27.056678419345833
9.377277665320024
31.444291473618
20.621978097686835
14.672836422555628
11.652146332425728
3.050605759170722
2.107095022322023
28.884070606238996
0.9544699787409407
32.14544893899064
5.163779335640101
14.048180223168
21.171756784551164
3.4715531513710483
25.011432613202416
21.956290412927913
27.799789159398756
0.8140552547861062
11.21111595008669
26.62899406699377
12.887593044183715
30.2562676356809
22.417474208800996
28.743652078250342
14.866888153424608
26.385829967334637
10.578780593145023
11.817060188396615
16.813623821911886
33.859840513040304
17.627377388275285
25.62729086267906
4.212278046930434
11.26000735978419
10.490463412879187
28.62969054045342
19.603028200603525
30.328526103432253
14.991547105763397
26.88770832536401
32.173124032832504
16.460169255914217
28.165494990214427
2.9512952137831308
8.707665573069985
18.514607347218064
30.438476693979872
12.66478775962835
21.011205033669512
28.111749763415073
7.333092957020615
26.946490125454126
7.708956907429679
25.257818290580094
8.588788459519577
10.4560368255256
8.593005848758105
11.516326637477105
24.434239717687426
26.245881172496528
32.38600382909347
33.44097789393887
29.761821270546594
21.00057867652861
24.067993096320233
15.019574414121262
9.193082056026173
7.8090153518767655
31.227187232773733
2.462300468039834
29.09476602548989
16.13313976849124
12.758532792202102
25.60311730068571
16.855448344678262
3.680197887518431
5.724271482265877
8.354587362572172
19.145668710474244
23.83839870058538
31.312662458388395
7.706309413686856
15.672076514971897
13.840625212657603
23.863251136306605
30.079322905005245
15.915658343062818
23.170199416742147
7.217363665199686
1.9719882910966615
27.33980030158524
19.953516302996913
21.07620338907955
3.397171219920409
31.658990882312747
33.27432735022017
21.720977790303554
17.80800899178058
24.273007256087208
4.534687177634844
18.83400530879253
22.314440636005923
7.681986551494348
25.805958365491634
4.758039657824312
2.3650993732013044
1.3275008343211878
17.75163787619971
19.43217780846891
21.522201416917053
28.399315244852854
22.771532201855777
9.669110589928524
13.87359140866852
19.35513853180325
18.418444217146085
20.116285334155528
33.701836391885415
15.264215698144154
1.418246548793432
6.844696371210678
22.476179017847645
2.9854964852873778
24.95746678495461
22.630439612079464
12.25257229947002
5.221707032598304
10.13978731968625
34.72245188680245
27.602228808823373
31.84305689435184
19.820776851279525
24.408114214904337
6.0827826171166945
29.21331448027218
18.667942374503134
24.149548834062827
24.2101218138724
29.850312233383097
7.10871198963604
26.12961177289938
33.24459615984205
10.778458945217285
16.385309706883962
26.785734598658227
28.92429172875025
13.647850385397419
30.590486454405653
19.012785355733886
24.7517314193911
20.994021026176167
18.585620302767914
2.079226020294665
14.32866581243083
22.35050492494523
20.332836234387983
7.650832798776548
25.865119837418785
21.58570265742716
13.433412138255319
22.327479417107433
17.360667164611332
11.596313422604169
7.255400508240197
12.864869192976537
32.35404155662338
19.91134788907059
10.565381729354995
30.997155389406135
11.403206148798606
8.395206738162578
3.6218030584584455
1.7815751510896032
3.9385421629582926
18.79149936001918
6.130670802305227
31.124275063929804
18.351756708154426
16.44125963138687
24.54760559906042
11.498543608452998
4.840355389503161
24.32886485961549
0.7449195574133072
1.3000736854529196
10.622459127215103
12.797785544257849
22.02109546164499
34.74699058727286
21.095940894915945
20.929261772173923
12.408090647089095
0.7171584663966202
23.469014807992767
2.2689237743518
25.706432290700686
7.736207526369523
29.42005853254707
2.346672958508422
5.830919131038249
20.336656719841404
2.0403606944525823
24.422160024548635
32.68659194887387
23.3761008430128
11.644764556028393
18.627832089182412
13.31900908868696
19.64313112170493
6.124609854727719
33.989985808771124
5.6061724561972035
13.373333146376034
24.98974414196957
6.545010002524277
12.786101145505242
0.1948334265848586
7.334146251718325
9.738528549862075
28.528620531884762
31.54298662712416
3.6785161956954595
12.370762573580707
1.7365670909428843
15.523157597051068
24.52973203728271
25.293760850437156
19.19373745721679
28.784057322501106
30.654802636007197
17.743597172867226
23.934819139406518
11.048756405286587
20.885598291673574
11.680370637714493
23.57759246746247
11.777997361670435
23.587720674995058
7.449353561821623
25.940083655991444
24.7179212480819
11.317440792450673
33.18565611844764
32.58306446943128
28.92403185146544
9.280092859549388
3.9507966465741426
15.288492131616193
25.414722753343018
27.38067711597724
8.756424589385306
0.15094111881933803
2.760526396613904
14.239226929884742
20.31068505283626
19.37346561894639
12.245627791883326
28.148110263039136
24.962355618675478
34.97569683865008
24.786496191853903
11.803897288499313
5.048878607903517
2.999354954394322
13.501958145359803
22.32759734215586
19.342633453395372
17.709704775903916
12.876272337074786
14.542571055911155
21.655319418769196
31.42969653380958
19.699623657493497
13.006148733132889
32.912654884442844
17.55113291082968
0.9710385943528528
31.328687048394386
32.6567947243702
11.323746449947377
34.432784985553674
11.755912360553246
1.5119624983906697
10.947811051980029
34.920637708323234
7.085517348602251
20.314821078018085
19.066269729855144
15.98578271532805
14.787215038522143
13.925839081640968
24.714639179723
25.977089004374214
18.274471437301738
9.203078130281456
1.2596075604044814
28.722006638118017
0.1788314494465757
17.674400968597514
13.006837458332962
9.577373762080626
8.122890409067482
35.01175387716595
2.404802448081186
5.314054700492294
26.15687697396887
2.7412326947231755
4.1661492924098615
4.009112452521313
17.903047005695804
15.685371369324402
27.82312895521023
9.068462298240973
7.965879856028024
14.436805942985018
24.506030029174045
10.951651728074495
29.64950970803426
18.557167771706506
12.627134311175917
16.56203697362624
29.632634136154874
14.214915674872353
30.639648779588665
7.427531266629779
8.279623966669938
16.020553941643104
5.705561195613317
8.086969632993831
24.77292492730037
28.08645285722944
1.096217415057151
5.657307465533861
34.94298162758851
33.51291283999342
16.89846500937678
28.447570275456695
30.84806368056448
19.188215967153308
5.805744945584697
16.162348521968195
14.920454639404086
18.999935264463776
18.244360802678354
26.793925415017608
26.94460004085535
10.85299061579406
12.254416930741614
1.3137392542807698
30.835561056896374
18.52073333727127
28.665934838223876
0.368600748601325
30.25462590246959
29.735549686362194
33.29297556934655
20.945426607478055
4.804993123625746
23.476916777886704
30.34527510177607
17.20647779034603
3.526231585697907
1.4033682247219739
1.1595026222107059
21.971217295328522
34.301102746363696
32.85639413461242
14.565220630919518
18.30918542428739
34.07008843810759
25.28501243424861
11.80184881628725
5.530891699832433
4.91434108368744
11.021746854797668
20.774995504404487
3.0456596861204552
23.71050194648637
11.30373547634637
12.304521713431802
5.568368488304004
6.394384845382749
29.70913094784387
8.201464011886978
28.992245184432775
3.6889565615930495
13.288564414375825
31.619773374467773
2.5380130797825005
9.901265864482301
5.7105081140044325
21.408455912476686
1.855642355639581
26.912054434429862
22.429952382610704
29.00020593802882
32.75328557033012
27.153858738307346
1.8846771314672144
26.14993392947211
25.69222607763031
13.347183372556648
4.418722279565397
24.810354815611383
28.77824562042158
2.7988969054414032
30.740028713663204
18.80017637741911
12.322560002879165
29.4524147501093
22.497338126886984
9.49978650946623
30.7199869989171
31.065932239588584
15.283103685197084
4.672474907362441
30.527131880532824
1.533029075120166
15.90691054462335
15.788693284631718
18.82028152524199
1.122923862082081
0.6736503335338078
25.35222254270698
24.260203756103117
33.721061865015706
24.190572558940435
15.482154631793923
33.60660616046639
20.621251998667308
2.469290201361943
6.928471730174119
34.06121471639475
15.78711384653835
27.185351050035123
7.5156769402426225
23.49516685772982
22.878196985036894
21.939157954969797
19.14005273731435
34.18279448217837
34.35847489181863
19.610847115759064
22.098290882519375
5.564377943030963
9.146661561373406
30.565529602833035
18.49120769477187
21.178059190736914
4.664037235218632
28.357918399529797
25.228464057194355
3.9817857854181784
12.462665283313642
10.275244932390118
7.253301640708301
12.499888144399455
7.487531121600364
4.287305217297093
15.456979552229857
29.417270647197114
25.3120550018003
12.467369377545918
19.515585574215525
26.929097920263636
29.594334310827584
33.81277703913263
29.577339302040183
27.46314882929926
33.3417735526237
3.2366781064318695
22.374020600422934
31.543252828208786
8.152557824981177
9.97172973863769
3.0335320036319375
29.344655721968966
26.747001292297565
6.325951805077475
31.60764601711035
8.17763133359094
12.45396222291295
3.6456510179159833
18.576688593924153
26.51742328316993
22.894449556967203
15.81064990773576
3.8277048748864115
6.215533415909325
26.072113948019393
9.467163521839959
6.08571736418259
8.716237296764561
22.936825241967053
29.805076500186598
14.866826476055747
25.349218428921812
8.680748928791669
19.96547924155923
12.673198445891215
22.726866813627392
27.013012955545797
8.616224338157766
17.73193681755915
2.5126552765426364
2.6408935320880396
28.38943532368152
31.27312487523624
6.501175015370933
9.175868819247324
32.70231484973613
8.345411155144424
4.563892712313952
20.94182882056865
14.158359657237346
22.691170508062232
20.54685984184371
8.944990627124442
27.418637000487394
18.355863471537635
15.64226069296956
1.4757026593538414
29.921036440006837
8.807143674767758
14.7301557016944
32.42876069778995
18.93127331561056
16.29560990663355
20.360670870058524
21.62864223354288
1.994471155135689
21.191755045526328
25.386155320952373
1.08675320650481
21.145782126339938
20.75438487526708
5.749671373726082
16.32233641424709
15.714172050763114
23.126584055643967
7.298386448050166
2.205162819122426
1.3966245506131094
27.461314114526086
2.5057223598795053
25.76210541484525
0.8458949040634476
22.679817954362477
4.297917610057431
19.26603687522965
22.046381264603706
5.88656863440871
13.049349747162678
25.867700923135303
30.05532473498148
31.506641473687814
21.217862471020496
10.334743321415212
29.74353030546819
27.780498643792765
25.705215064904515
22.188979130070447
28.60227545394881
12.676581597507779
9.766124913209113
3.5911014655554694
9.440186630769606
6.524021424744645
9.13793000323217
23.45697416309857
9.36591839766314
15.082507764403022
19.59333344159121
7.031453623381524
19.343615853257656
34.22089926136133
11.482472979883852
14.026785507880144
10.697632541548622
19.452680087668668
16.99715232722353
11.372414445812451
14.539338049834598
2.2288718500627605
15.856766404814023
10.872588949264928
27.447437535617112
13.65685955672474
7.4542011526629945
2.6814862469285985
12.417482448946418
18.922430042424836
7.309459714138694
13.760118169007715
32.298105352652705
22.38007787401906
28.61579347828542
30.40990326292052
21.180729785044083
14.638030195878121
20.145549083557327
1.877389187904107
8.393523144322698
10.236326951567085
16.461823587955486
21.059168047779725
31.280360033765955
23.37042774431938
21.029051495770396
13.861068252971718
18.342574095644096
1.7518334102074258
27.729386556198353
4.52081230566412
30.01383101684845
32.33543201184083
21.33689876875537
21.06872243144146
17.307458436633034
24.99504685131874
25.846274913979485
19.05524445311634
5.237384366337507
29.253936554450686
3.1894318925918457
31.252672471146564
11.864475080249102
10.76994330663672
12.905714323343261
20.624436430158163
21.079344708187115
21.282635900738512
16.750524232100883
20.665601359470642
14.724600463023187
8.883235470650812
1.909603388203723
26.157304179972098
9.921283990967414
27.9589899092949
23.288956199274025
13.253530758496858
1.3800879766706813
28.816600344134383
19.034398266500084
3.9823815068683195
22.474955695843427
17.335809120378705
12.735390724866491
20.671932751093575
16.404242789619865
30.79788610102196
13.710090035973343
29.33172688394747
18.91613402506512
6.224352629393968
34.6538927444017
27.381345959410808
19.99767617739766
30.146815682438238
33.124830739368456
22.700799525566993
7.828329244408539
6.728923414283593
31.67848330432918
11.776608580451601
0.2464747300637792
2.502394821936866
4.746860772899338
23.945693799165223
19.26573516982937
16.975618602135697
33.47263805459482
3.303172455039556
22.80259972980699
8.16076946598724
8.34203788751317
17.690754753837922
8.579421513934522
27.57921017750826
28.98646154116681
11.215320870547698
27.479721135149113
32.587033491025785
25.81000667030383
2.976527516420045
13.858749271688016
14.278141220469841
11.040141276590731
15.733872540424258
5.125858190500003
5.099833933540123
21.549059488828476
25.96401758011069
8.047157200269902
18.948393776231246
24.753707078494273
19.28823801317423
11.163365539199972
27.033606173913032
5.619589836203132
29.415125546023404
24.170025135288036
19.24846090594385
5.932549958233926
17.822376957571077
21.380609377008046
22.588518574147322
5.899398973964753
19.224753305580336
26.407137368666735
19.58541918174185
13.659230575240311
12.39322378388876
30.135273138382697
13.682720597874566
23.172493037800383
10.855567230958012
20.648902431315566
13.351199440620704
2.0954071121535827
6.998792205259739
28.974130440408256
13.430623781465274
10.37425240682683
30.469703178523783
13.828030089192762
21.64112442272162
2.3185113222383564
21.26789618005316
13.394837593408697
2.3974442599448476
21.287728933044047
32.52774707121855
6.882344650078689
26.838461872509978
7.43375879512418
8.213638692075383
24.1479817509511
32.78284151504765
0.24033820576307108
4.097887579935479
8.787134375591894
27.54072005295064
10.475278181309918
17.78630247577192
8.558448298599163
24.189235636131368
27.923178539834957
14.888924206055336
12.728225371983026
4.9759035187040785
33.29171093943662
34.60147727127075
19.201628047522377
21.75846634852079
19.48586686887148
16.196415042889818
28.905502809142188
12.058648572713428
27.55007407457464
28.045577375874927
12.315713489804724
19.115126187959852
34.17050620118512
2.382764038250014
18.932041827981525
29.21199732543374
31.44120656475555
3.6846004064028657
9.89603525295361
22.531676831305393
28.059422709685602
0.6394399258457707
8.948869489866102
22.789311979568925
29.20835013485434
5.053560056754973
11.859094680824612
25.07362685922082
19.93441644426546
14.261047729473546
3.0353225818588676
24.528218421979673
34.76511401229764
11.500175246343781
32.263293419924466
30.777579030532078
21.5160119125043
29.104371259655
3.014882581520497
30.099988334988833
14.13268447727839
10.096647657894222
7.887867348196975
29.88663810654547
24.156007709588394
28.032386092032965
34.984604877950076
34.86117046685711
20.029471267458334
5.955925372156937
26.67541760162228
25.092857225574104
28.943013703865702
14.111916110789894
10.149567685716073
24.54763595004821
12.008652660170643
25.125225407960652
14.384086114635359
11.211013956461962
24.91478721617614
3.5286383523774547
6.943210247874416
2.485997225281305
8.437938262890142
23.59682795463051
20.872660154902746
3.693219290362877
15.110875728866436
7.62411433815763
30.64686449527886
23.97000819169269
8.989503658921365
7.51408009137908
31.567613568173947
33.56597325942241
1.0071097923279415
9.184971335712225
11.134881275343618
2.1374958201917895
16.169997003403353
3.82573988008318
8.100551317998985
8.66550588891358
8.150506930542456
10.41303246703906
18.94314952545309
6.4349553700260245
13.364227427369839
11.592667044852506
15.792100756054241
6.268282603596928
4.949886853555283
14.957846503633455
19.052657287448337
31.57626210408989
4.3684885986523065
18.389333149306836
19.59616599995372
19.727576462060778
28.970022815427644
14.215141852319093
34.441013126962844
10.403542784465369
34.003482309429195
22.977745656438994
19.340771330070826
21.32368362029098
8.425835550469778
29.650653665538012
2.8729759772763748
19.002308884028118
23.22709926051088
20.94452776630737
24.608855127910537
28.509493752298578
24.275372162138183
9.37097761633472
30.291424857632794
19.823249034335532
31.047409277216822
18.163845143054427
0.1732853957288132
29.193932814163503
7.116450125970842
16.541726911930276
2.477597252088045
6.902331043768859
13.64292502319795
17.631295087926333
21.650697777782796
23.575147595418503
5.597718478728943
10.930076077331869
16.13440327669889
33.99431523818524
8.549521499234945
13.79926096172689
26.86799694381116
15.080104314060653
14.109229097362386
34.810304129601406
2.975394450807999
29.726001090033957
12.452459320679516
13.297058740613064
34.741172203749315
28.038425694754036
31.760151131017025
22.85103488303786
19.264621937214162
33.17620359835819
13.357301566051484
34.83245810728056
26.21044170424043
30.23651536889276
4.637296340554109
32.76261405290655
9.384237600377208
8.777177739738523
34.75296906534793
16.844165222724
23.50888056221639
8.989629370859529
9.626920636067107
3.000748059856728
2.0051960920248124
26.892341541017412
5.311522839623667
18.514576914947508
29.927001522680765
4.330231495550997
3.7945414055831628
7.408073796206134
30.36477415646686
30.730919938424712
5.351733184039098
31.026809865102216
21.056381332901715
19.35472863903087
11.529376391753098
34.297346474301676
4.635415148290801
1.145415683482796
29.586837015351943
12.537788659971529
16.08915626145337
6.6521267666981165
32.65259305522015
10.527664165050485
25.470392203506197
20.428615888589118
11.527945197182827
10.243259331763905
28.242280875960635
1.796311230306682
7.233026644401011
20.84488080777503
25.55532995490652
16.639295713781515
1.5142286458713161
14.124266199204442
8.253390309027857
28.950382231170884
33.22269784900002
26.751089783313194
5.21984918474767
13.82562405405818
16.113577475802334
33.081935169746544
34.87935765008976
11.505289818584409
13.491852388129375
27.033563370404277
4.900191264605618
17.580536466602638
6.407002630484961
32.31213180074026
13.747791961472148
34.59564866237425
25.97225500401264
6.8507984803849045
20.30227122905832
17.6050716231441
34.751837462825826
32.736007193536246
16.041664443583635
11.40291171007832
3.44657516627721
24.13466386106046
18.413179483108895
1.4532714911590339
2.0272481898751145
13.504408951046265
28.607602954544024
32.39451298130868
1.900871374878954
19.041098470581453
11.860654822387447
16.384240545788778
8.816344071949029
29.71848888729758
25.83761017027842
13.069639309343058
17.76751688875759
7.025257388755086
19.93555716671481
33.43316993570126
3.2655238510404487
18.43485239681881
16.603076613670982
21.172153168126517
10.133571902325166
34.991988979034744
19.323015156875222
2.1811652018215266
16.996897294392046
7.086077647019514
29.731756576947035
4.452871188706678
5.26941623311864
9.042552584966115
26.340241125511625
12.402198393780605
6.418113790602696
9.593286539502797
31.194141623492683
5.63571424145551
21.13252014274121
7.324339891457398
19.476459444465007
32.63926084330475
30.82797742285826
30.705338298681998
29.240026308216745
13.774722358795815
33.37592420121634
18.635660042982405
5.240686365232576
14.929260863901455
27.36340815172858
32.71311250219481
15.268128228210779
32.265453818516235
32.17671260227535
6.951884761764905
8.635809942746235
32.7110230959778
15.06216349891579
26.774118997645477
8.254313307438954
9.55253096649639
9.518251744811943
26.869027414305947
32.399221919994275
11.222632743759451
10.727631965080715
34.90339355157718
31.45914495767375
25.88968570259224
15.535971907644091
30.4357368142362
1.5263144677312592
7.786560839269285
2.9410494388463317
11.06035401029319
6.342432277649336
29.309464052377475
28.762264988139734
13.497894624412323
23.85337189791057
3.6817054228699777
31.061418135712092
9.235930953079293
29.75671692367893
5.033191991671533
18.639880423427016
6.351249377781857
2.945038179641792
8.277749439594093
19.42606293789918
23.481628431416954
4.801979304677371
7.73434727254878
33.065458127307735
2.3245043011603017
17.259836241193913
27.554575986035037
33.88783217077352
34.24425663050853
20.03223507685065
17.496584268836234
26.76052273051068
24.116650492911585
29.85867104497964
7.952516252705328
34.20952381843244
29.759517033958083
17.18395989343144
9.085479302146998
14.685180024604817
9.646952613136897
25.4820166318282
6.336269336447101
30.46096794640117
6.657726044376249
22.027596311595012
4.364033457300029
13.333143561581064
12.826418132920072
14.49941526761678
29.4603823152018
16.76546239655051
27.356532344342416
21.883474442886726
25.855775277109668
4.174419782144248
3.3684911783747657
3.4724449046838473
5.088444981414201
4.688368908463834
18.372123911640465
9.645993021220976
9.354155300928815
26.84425431057208
34.965894184883645
34.58672213937147
15.586925136185132
14.039509903468645
15.092435837489635
11.901030008268409
31.666964007146984
27.63589419925565
4.17561936957848
23.529957185496748
14.117581243771465
0.6314010269908678
13.48183867551215
33.28652321269946
17.23272511975069
25.736870169771922
30.556043236596523
33.607278157671594
31.915509026440358
15.64976626303159
22.889762011907703
6.848451212695874
15.762428739535542
31.230984373814483
31.37016437992019
31.552594478594592
25.514933619247778
1.0011079373270828
13.0438510162759
3.271902029028054
20.900833154504607
23.35791131883626
20.129601760956234
13.136222711357863
19.69281663159063
3.3325210636573375
27.315066928871264
23.187947819304558
26.229281051681443
32.67325776991533
8.7326684469492
19.80968191520347
12.488951384601467
33.13752255682117
26.548062093258324
14.180647312566501
13.262252465165892
8.323069723132036
13.0889860401155
28.731850941177814
25.98929073546978
13.884852600530376
34.06856235402703
34.54680285231293
7.966493183327
24.744997856859314
12.555092234425326
27.62484762643008
27.979983250245084
27.017181949020728
8.86312655130722
13.045851580421004
1.9846980557858553
31.48870207286322
33.906522852021006
34.18236631703841
27.16230338451316
4.1711036725596236
17.456008509582315
8.106762589938599
8.326296698026768
32.41406753587751
16.358099973179403
23.310652506166278
28.796505096553364
30.40042777231915
1.5689014879433283
25.33289834351947
13.674558051663958
25.62732111612752
4.720747755150326
3.9924312114978417
16.8269136042193
12.846412833709737
1.4434958395300979
12.281299062354117
34.193498545651146
4.79755631879046
3.2185945912490928
32.64055096349258
17.60034185981182
25.080076257174944
23.597391179227632
30.338775958764302
12.707437871529544
4.707238997049943
21.3255327383717
4.5932775730489075
26.063585352964665
5.769808677014334
5.663137179876089
28.19093389740612
11.574781664559465
29.38868421089393
33.60941789418222
32.967375000576176
29.55430020372259
24.262564565502284
3.577814316809933
30.497876584539515
33.49955271557345
1.818967242910738
3.995089320770939
26.591070597166336
3.900175734526045
2.3592767792300733
8.199220639839586
26.198576743933817
5.375555295574525
12.476811721032071
3.659624745996361
9.058337520841448
12.352173902214505
3.5129374791469226
22.344118342318797
17.725598711979092
0.7201714725172557
4.287237557516073
14.319821612621482
13.34878096922171
31.269529429270722
15.893885792928618
6.345804911274953
16.171946278118106
1.676514450938908
18.628318290222957
21.4905899771558
20.766130577487786
28.606260797124314
9.836873228303597
5.694724218548607
0.5033239064165055
25.352177902207533
23.50993088196458
26.642353378586
27.953429614835144
34.569143894168
34.345528041534436
11.477247749274797
30.938391341473842
1.2550482307925792
21.914724970875167
27.42311577887033
23.809320633552346
31.34718767425987
29.4006436055273
25.14685013724218
28.724055549257056
34.614880963257555
35.01336590965166
29.498232435454035
24.52009339589751
2.9398573294273023
25.935256564665657
13.410368455589275
19.04984600891604
19.2377893718372
1.1295040277629056
6.534438251150905
9.6601036132361
2.136076379110629
27.224136312344886
30.987240500385454
19.317094178234427
7.399333865939184
23.115508399841882
30.61395274246992
29.39314769185881
3.89508579096592
21.54465204420794
21.7094669627864
33.80964427097288
11.835590401191808
14.054740230720888
26.693747045965864
18.959658268173722
4.611909795725384
25.019181836507585
12.554744262870127
21.776489698194304
8.20813479160418
1.4652976514629112
29.597496617147378
17.140288235884032
8.220327662877391
31.837457340312277
30.441128788327696
22.327851903547252
23.621046758615833
8.989872016196268
13.705060810645344
14.626907916276913
7.766823626050878
20.324562477086083
8.23653606574835
24.966599912512173
1.5774866720652683
29.981345640958445
10.014002828520281
15.303642460362335
0.7608135097450356
24.054931604811685
4.959199989943996
31.840987548723437
19.951970434689184
30.005480301016195
31.62769325908509
30.91545716296084
34.72853668274583
25.1373375491828
8.488730275177366
4.491039465992636
18.371312498221418
30.91925324732553
28.70795548006719
8.395817009229255
13.878628876069795
34.198482025033975
18.733523186014605
9.224309987403462
8.996574609991185
21.623498041859435
20.26809821144629
1.8301335777754169
17.114251591429404
24.461356593951045
28.160308255127106
20.509895281156897
16.07395924388188
30.52133692270473
8.869229538335404
10.886697883111463
20.201489774337116
34.3947545638523
0.9709549056088131
29.922130327321845
27.19210777815748
16.34394981270993
29.863704415729107
22.72700731903041
29.37448726405978
4.4654458126559335
7.147007588259084
6.460712190403116
27.33088078515756
9.685945943091367
17.53988753659563
21.434147202681437
14.720930106853213
17.016930441933777
29.587018340964025
15.58532822229537
22.1108637182476
7.411914667379258
25.096924843173383
27.486091575016637
34.922959664556465
11.199950200457984
13.519667857321823
5.778556247862031
13.040818177158425
22.120346101628197
27.139589904987933
6.443194452096565
12.19573754694665
27.499217052324827
11.148057863260053
14.13229557171824
3.560311908434545
15.6203834993922
17.80325136471339
14.132940257911399
14.395552756836603
29.377441632787303
19.208835456113075
3.2506402923583497
12.661680546772729
3.6989641292325652
6.932325931722168
29.01740901446093
7.689221124788093
7.754689473453555
25.849973133884358
11.389855274358307
28.38185894006684
8.668902143313302
30.320669066655743
22.581072242970933
20.391653132379886
18.687241668648706
34.316615498742244
14.293738880834036
28.81522009760681
30.74728043762225
1.0371587170693601
25.46765162473067
9.278393968291454
10.308216834451766
2.8410906308235298
6.765574451054797
19.280118237959265
14.33704574129204
23.54922705527816
23.7901126199619
22.714273299561476
24.81793540967375
16.54254778666421
16.274038905265595
6.92370647878274
23.793005701477874
1.5169232185967987
24.50126443639501
0.6777050109154811
23.677814176489278
20.491354095187223
18.648416691575605
10.177565911097428
6.364212094463523
11.345304088427302
12.73447375763722
5.26046452871249
33.1446844308019
7.274935847561268
26.99914712221954
19.947962543672183
32.46622709832301
20.236726994795116
33.14506428146104
13.65908587564616
9.961257704971375
1.583489973899503
26.14678288894478
7.643373494869439
5.228655750632687
22.194834643565123
22.28383407892223
16.93786504581889
27.340957118023827
4.48544462635396
29.070899370994347
33.9345043819206
15.718341499421578
23.381136538449603
26.45832664238327
7.156403535537877
24.735655865085857
30.097664297916594
9.983278964137249
22.587937174721947
31.038504391688456
8.142176307811914
10.042998474820545
13.883871988889117
17.587422499361768
17.408498533140886
12.55235641882035
16.55468031360605
10.721305856838091
33.31254899777549
0.8091826125938089
34.04867530414316
14.501325494086936
26.654873039123522
28.90725090899146
6.52827717945247
10.843028257633405
19.37049112460404
32.07467250005638
2.5874792074613584
3.4220203230479025
30.36964042608968
7.786256809181673
32.74190131634853
10.372129869751165
29.706908107825175
5.75287737766514
0.3842734979920771
14.381040432839603
29.843611135191217
34.12609691872084
24.031035981135513
22.273679584540556
20.824705773023123
0.6696909195631819
28.62772305839731
21.44624284350047
8.54825199235858
27.373344450631915
25.159060370515903
24.477332820706547
17.38726685484098
4.818394832312861
4.344635762228333
1.5122525315846107
15.822398942550196
26.740305201124556
33.42748970038029
12.529865491530149
22.567206507183997
31.725030681392052
26.06329255615641
0.848772720674481
1.2259106159993673
20.948430981368098
20.388819533597868
5.973632499326748
10.082933904637986
21.77561529062546
28.422652342076237
30.980584075206128
12.174612869290348
21.563615282852975
26.22844882987227
18.686105823165793
15.226460467402205
30.169109108844342
23.792907186755873
34.771871845865725
20.347027345118963
1.7860319343539137
9.022327366229582
0.6111598605740878
22.39541030869192
7.022538544993308
9.150635622499895
27.53620383572203
4.392586340074135
4.471846505971918
9.991403470009656
19.493765132270926
9.299785757399448
20.733160772521703
33.05371769221079
14.467124986640764
10.417913351304634
31.154800256956797
7.728392512787136
2.8051819333700836
31.640436430994367
0.7151485222194047
24.598568581534334
30.176936607460803
15.706934193645303
6.211976156591001
1.1959421449475864
6.017935854080038
21.565020483192143
14.93496537025872
18.50698981826322
7.142724229921233
4.29167972613763
19.15797851514603
21.265172459324948
2.527948874306109
15.305592222773733
33.53047035808954
32.70218717075484
6.1995105165850335
1.1500439246304373
2.641629303757665
5.844864215069094
10.336885106251746
30.829822493056835
26.804747566104353
34.27906555577413
11.584187495823567
12.919062466682355
0.5918826103168029
12.598835274504799
29.68972548213899
31.16065750990283
1.4391860968038288
9.668824181946299
9.059932451431527
4.247486769647893
9.5313555521326
2.7299181325919557
23.4664169129986
28.42747372735129
7.281549713080165
33.42632821831048
27.919521904197225
23.253220162688965
6.1196183933764905
19.91986599864748
14.086507148172117
2.0293596887500795
14.08168498258243
25.715279302894015
16.7851992196116
9.966461932111647
19.229564400456216
2.535152267527774
31.64096541928711
9.605854758369468
32.96408275561397
9.132224684047168
32.299731300749315
14.796701973738076
33.73001701581147
0.14636418335860218
30.568028788026545
25.584327682045796
15.254497903593704
12.64470133935658
32.52559512603527
5.625287514807385
20.443953167715296
24.926796550945816
30.81610002628723
5.635361929400183
15.211211428855401
18.25331717271573
2.770208833157696
2.418510121385933
26.23480657337051
20.80864411807222
10.006940639733491
1.341492200763509
8.529734752294106
30.350260727024132
31.178510214520752
22.20410813021671
3.5898964321753852
24.097876171689727
28.514824309126094
9.133984082202018
26.95925052931148
12.708951177958042
30.14138014077991
11.591053207889212
23.579028473972958
1.0022732234307148
32.62881456002121
29.810722076532763
5.019971446030955
5.906283202246299
30.19592135352782
20.587391301985832
26.85421559580012
27.831787212545933
14.945051099413647
13.464411925142738
19.680614233976314
7.710937719860716
23.6386472590428
25.515998212251063
18.89372254355816
13.572124101892179
14.643519741811447
7.676290904959443
34.811283733336275
19.439594422663152
6.530493939519675
13.189429147161938
6.255558630678851
0.5621873794378687
2.2606877322570043
26.926015043470528
12.691109609080149
9.563616490027227
21.279217927581595
29.126020503821145
17.76687368191092
31.125565476735627
5.129039175601245
23.651964970111333
4.971969221110598
2.0786568457984895
4.762550055206308
8.349977052404459
11.481556841738874
33.539937265229966
17.259067680053285
14.637368895485972
9.031073392704576
7.962884585808661
33.91667048613656
30.180225097158846
1.155209428657209
19.63688436170622
5.867371236348535
4.594850589803133
17.59059238123609
0.8633320748844785
1.5501779034289531
24.841783450414066
33.33902734908021
26.902606271097095
3.2774134887972317
8.799880815068686
32.30601497938395
15.674432106016978
18.520358347322016
22.36347876111037
28.9199873019174
11.124719725617169
5.905757367725183
21.358220557138456
30.31716418595694
33.49591345819278
10.47533956606079
18.817995983691485
32.531198142721
29.97381783192947
23.136858718478617
5.431216910078302
5.3930565659910785
27.335179132038927
12.106890858178314
0.5017124429102103
33.17899631190492
25.383752585898417
30.525356274592855
6.601105602014626
12.996331659802358
7.559845658209173
32.714412961551496
2.2142630759262127
14.701898411855975
11.34740266334121
13.09453677572104
17.291007583503994
27.79104279153611
28.3672783873094
7.988350869038613
8.089580451949056
33.74227354775323
31.588468728408447
34.971795720684916
29.041777671368273
33.23569660646365
0.8464075545186316
31.295934154638818
5.839192774544266
19.749040885455557
5.705045651491381
34.332905135617466
8.788181362746347
10.226747597837191
30.0150532496635
17.966813374357923
5.175477113537298
1.1886199813366538
22.597074285135434
10.052491311165864
33.78723020467371
19.139919270999552
31.93962612941894
2.057689304000751
1.4679306606154188
4.029110323339162
4.9004062412861105
21.193649535651453
22.316165293903197
1.7576262709399528
20.357940207781414
10.645086902183499
9.085258278028125
10.970427658695282
31.020405611600737
18.152149413483137
13.067271851012984
12.888330295199825
7.736559903451069
0.4317745820980393
9.785993121745987
23.319912304798734
9.87251291228844
11.209238431804764
29.984229862652064
23.57843127317633
25.875804994518347
26.617710229751093
32.70425386656481
6.023781434819738
15.079639295310992
6.293658971822358
12.522280898355302
34.735691257533475
5.741533765070517
19.196289980166547
1.8629394191299236
9.91105827661922
30.64883665922275
22.205482036687915
26.681142493699245
16.579061683139233
1.5707568810541912
21.605804797787414
2.183229572944166
16.782097192596957
27.652065016971942
31.583753807310686
25.549487950608874
23.18478616324696
8.002013251581724
28.24913049403704
12.185785560467949
34.789608104781706
4.244160906130397
23.454938533564796
10.06377838346294
14.02494094163477
14.606693215531324
17.12520379495444
33.98161343920789
4.534499446940171
15.678815523449538
22.37108401636635
17.098770149175376
8.639555550508312
25.842081633211702
18.400145709026255
26.76942940426007
34.16837395894625
1.456854289524927
27.332654765442054
4.590547024567683
15.081942589019324
10.094430767774579
5.539280667338104
6.264975711478868
19.192322145300547
4.996909946180867
2.329196381798589
26.29826440887934
5.113233154974356
2.3749752139773874
27.668014517951374
20.361532288640092
1.1958187739533135
3.9444395533380954
13.176882793361456
4.853103665970644
29.12503408858983
1.1881928891293096
15.418935556305241
18.404171222148644
24.60485733221406
31.13991260162289
1.8863682358354077
19.661639485690493
2.9985133200399288
34.26729511107705
23.222436831828524
12.40446002193902
9.518612689097862
32.93541802774294
16.113741195565584
0.9228876707258656
25.001881529621297
1.07397090506816
15.777755240565902
9.538002711075698
9.716661809249446
10.121166655420227
1.050432047743328
4.17772134211234
23.94712400208565
8.392470093473309
27.44838688590352
29.61258982036
26.43695571043507
31.992691442070914
21.15926004575589
2.9029775791868104
34.4896343527198
24.63471620157347
9.317646525268545
6.722916308415538
0.5384260999304512
21.83308977109278
16.897049876282637
4.663428362215668
18.12458983871958
3.7124110799116505
23.471112635105158
2.616418492286178
1.0549825337894267
10.836369198892202
12.183747541220617
0.5366186148865436
26.365374198138124
15.885523307350695