24999
-17453
-31787
-20888
-28191
-21767
-19868
13714
-1729
-30484
-28730
-30692
12594
30703
27990
-13297
-20803
-8770
-17772
-30852
31031
-23
-24306
28298
-23781
-21112
-26744
2567
-24501
6871
30282
13793
2156
-112
-6550
26658
-30239
-23516
-32011
10945
-13924
29206
16691
-10865
-25668
-22776
32319
-11272
-22896
-4576
-13862
-29213
12613
-18234
-14257
7260
26757
-27579
21790
3510
-27499
-9524
2840
-12509
6589
-12511
28115
-27386
17849
13053
32224
12020
28589
29613
-26827
28945
-10490
24850
24624
5987
3282
-16532
-8439
21800
24387
-17110
-19256
30828
16622
717
-7680
12497
-18592
-12168
2533
-12472
9632
25778
-23492
-22480
19037
-4699
-26512
4736
-27788
-4012
-21278
8779
7290
27634
-24088
973
-23200
23108
-6305
-19492
19221
-7262
27468
-1793
14582
-5888
22436
-9872
-6127
6786
-24863
13433
-12707
32713
29155
10978
-14585
-15607
-26468
-11131
-13772
-23626
9867
-10352
-32545
-24796
-21284
-13334
-4321
-27537
23956
18538
9753
-5621
17196
3938
7147
22549
9037
-12922
-20596
1352
3672
21005
19669
3505
-17861
16429
3175
-4734
6218
19443
-25887
13045
24976
-2295
31522
-11100
17110
7591
-32448
-23157
30173
19004
6346
23450
30092
-8444
19727
29879
-12165
4097
15666
12646
-5759
-10620
27186
29416
-29060
28559
-19175
-29241
15287
29598
-24224
-14416
10718
12961
5197
6372
10562
5738
-7266
3805
-23268
-6030
11748
11040
9314
27266
2294
-21633
-17090
-623
937
15974
-14801
-29049
18945
-27872
-26992
-5413
-12477
8258
13818
24190
-23725
7230
1497
30876
-3985
12811
-21906
-30389
10628
-2674
-11465
29881
32691
-14426
-23825
-13693
-881
-11240
18763
10027
-15870
25734
-27409
15951
-23765
15611
20761
-26919
-23475
8409
-2894
-6791
12607
17011
31822
-25894
-28857
25962
-22259
5657
23120
11836
-13384
30952
-1045
-28862
13973
15913
21627
-9955
-22982
-30434
-4946
-7019
-14228
-15401
619
-26279
28579
14621
15963
5034
19222
20735
15449
-2075
4622
-31622
8224
2097
-16978
-28128
-4121
15650
-8664
9468
5626
14792
3001
-9659
27114
-10591
-32345
20789
-1439
-7639
25393
3067
-9930
13613
20894
30954
30291
30172
25595
16125
-19323
19861
-16117
-18862
28751
31208
-20086
-15488
773
-1446
-23480
11181
18636
5713
13759
20379
-8082
29219
28270
9115
25110
-18626
27944
-21513
-22800
-6887
-9725
11258
-10139
16745
2817
-6607
1910
-28917
-12039
8655
-19694
-26838
-25469
1356
22805
9592
11790
7592
24082
-10976
16482
18947
-31608
5124
4417
8732
-152
-12310
-7301
26600
25562
21955
11324
2458
24257
18583
1266
31922
8538
-303
4745
-12085
-11284
21082
-12108
-28254
-2287
13611
-5732
23605
25463
-29596
20233
-23700
-24500
-23487
-735
17187
30861
17000
-1640
6910
10128
26470
-24348
6912
-29345
-9099
-14051
-13518
16442
23365
-9560
-14818
6734
-20476
31259
11253
-15263
2231
23718
29098
3771
8581
-10813
-24127
24804
-2585
25215
-33
-24011
2182
-12299
3170
-13780
18883
-4212
-6412
-13609
-4974
12139
21386
-32526
12620
-7693
-3455
-30594
-30454
14833
24938
-1782
-31317
21542
22590
32347
22507
10702
-91
30779
7271
28686
-30532
-30122
5515
-16592
26518
-672
19034
22172
-5325
-27250
23765
18564
-18151
21314
-9439
-9948
-23285
15527
-10415
-2679
-24476
17030
-28439
-16121
2390
-28998
12462
-24912
3233
-30451
-26846
21176
30307
-28781
5025
-8836
-2530
