69678
0
6381
-38139
-12615
-21818
31707
10867
-15905
15444
-3798
-12786
-3070
21479
582
-6948
6381
38139
94640
0
12707
-1425
-2445
14899
-2700
-20807
-582
-2463
-30044
-10155
32465
20254
-12615
21818
12707
1425
80828
0
3332
7434
-29050
-38746
10082
-9011
-25533
4758
16002
-31989
31707
-10867
-2445
-14899
3332
-7434
81441
0
2113
7123
-16281
-26450
-25694
14032
8115
3976
-15905
-15444
-2700
20807
-29050
38746
2113
-7123
102211
0
5104
-15332
-8096
-3537
-6621
33018
-3798
12786
-582
2463
10082
9011
-16281
26450
5104
15332
70835
0
-10455
-9436
-10036
-29927
-3070
-21479
-30044
10155
-25533
-4758
-25694
-14032
-8096
3537
-10455
9436
78467
0
-30854
10401
582
6948
32465
-20254
16002
31989
8115
-3976
-6621
-33018
-10036
29927
-30854
-10401
95462
0
102964
0
-23857
21383
-6344
-39097
47105
-25042
-16137
44209
-43870
25351
-25033
-18461
-22047
-24196
-23857
-21383
102887
0
-16443
37326
-31852
-18371
19287
-50625
50310
28534
28863
29306
-15163
13556
-6344
39097
-16443
-37326
100449
0
-7451
55232
-44994
-11850
-5297
-38407
9157
-3690
6958
-9849
47105
25042
-31852
18371
-7451
-55232
101842
0
-18820
32470
-47479
4001
1944
-23085
-4904
-17613
-16137
-44209
19287
50625
-44994
11850
-18820
-32470
115455
0
8096
37244
-17940
54053
-17301
-2749
-43870
-25351
50310
-28534
-5297
38407
-47479
-4001
8096
-37244
100682
0
25840
17166
480
27925
-25033
18461
28863
-29306
9157
3690
1944
23085
-17940
-54053
25840
-17166
102934
0
-8507
25520
-22047
24196
-15163
-13556
6958
9849
-4904
17613
-17301
2749
480
-27925
-8507
-25520
76037
0
85944
0
-6241
-18307
-10268
5099
-15060
-17822
37741
-5025
-6456
2420
-10318
-26831
-8760
-9639
-6241
18307
84780
0
-28102
-31941
35833
1210
18825
-4932
20579
-3019
37194
25087
-7291
4586
-10268
-5099
-28102
31941
64953
0
-26115
15110
419
12162
12429
-643
-22613
4541
-2217
-7106
-15060
17822
35833
-1210
-26115
-15110
64614
0
-9831
-6947
-2238
-3978
20859
7465
14104
863
37741
5025
18825
4932
419
-12162
-9831
6947
87220
0
31806
4750
20605
8495
-17786
9725
-6456
-2420
20579
3019
12429
643
-2238
3978
31806
-4750
105500
0
12258
31181
-1818
6852
-10318
26831
37194
-25087
-22613
-4541
20859
-7465
20605
-8495
12258
-31181
93027
0
269
14336
-8760
9639
-7291
-4586
-2217
7106
14104
-863
-17786
-9725
-1818
-6852
269
-14336
46055
0
72018
0
-11205
5349
-10405
113
-38109
-1645
-7699
-21854
17986
32657
-27372
-12314
3586
-12201
-11205
-5349
90876
0
-11962
4436
-1610
-1409
8130
47377
-8911
-3205
29288
31763
19954
35260
-10405
-113
-11962
-4436
73393
0
-6044
19188
-15329
-23356
4764
19972
6276
-10382
2237
-9299
-38109
1645
-1610
1409
-6044
-19188
129287
0
-17320
53535
-42520
-53678
-20699
-16930
18809
1530
-7699
21854
8130
-47377
-15329
23356
-17320
-53535
112430
0
-24349
15988
32644
-4673
19165
-17562
17986
-32657
-8911
3205
4764
-19972
-42520
53678
-24349
-15988
109600
0
9415
16620
-28696
-8709
-27372
12314
29288
-31763
6276
10382
-20699
16930
32644
4673
9415
-16620
110155
0
7661
32913
3586
12201
19954
-35260
2237
9299
18809
-1530
19165
17562
-28696
8709
7661
-32913
77700
0
