85
213
59
67
199
113
59
67
133
150
58
67
151
80
58
67
165
79
58
67
254
54
58
67
108
33
58
67
32
25
58
67
197
40
58
67
146
85
58
67
66
187
58
67
123
201
58
67
153
185
58
67
117
142
58
67
229
129
58
67
78
81
58
67
45
88
58
67
96
107
58
67
127
123
58
67
157
43
58
67
45
24
58
67
119
119
58
67
85
21
59
67
146
117
59
67
197
104
59
67
32
89
59
67
239
78
59
67
83
236
58
67
195
255
58
67
167
24
59
67
153
217
58
67
119
119
58
67
216
98
58
67
72
150
58
67
151
80
58
67
142
67
58
67
81
35
58
67
47
65
58
67
93
121
58
67
119
151
58
67
233
115
58
67
246
82
58
67
15
72
58
67
24
85
58
67
51
19
58
67
133
118
58
67
55
197
58
67
218
203
58
67
19
250
58
67
142
3
59
67
74
191
58
67
227
24
59
67
64
50
59
67
114
156
58
67
172
83
58
67
76
232
57
67
112
179
57
67
127
187
57
67
81
131
57
67
24
181
57
67
216
34
58
67
231
138
58
67
239
110
58
67
100
157
58
67
74
191
58
67
13
191
58
67
225
79
58
67
43
175
57
67
216
34
57
67
64
50
57
67
125
50
57
67
21
163
57
67
182
0
58
67
148
222
57
67
146
213
57
67
184
9
58
67
155
98
58
67
68
100
58
67
244
233
57
67
43
143
57
67
218
203
57
67
55
37
58
67
184
105
58
67
7
36
58
67
161
29
58
67
55
197
57
67
134
127
57
67
180
87
57
67
66
59
57
67
159
148
57
67
89
199
57
67
42
166
57
67
96
203
57
67
30
144
57
67
0
64
57
67
119
55
57
67
174
60
57
67
195
127
57
67
138
145
57
67
197
136
57
67
70
13
57
67
229
193
56
67
172
115
56
67
248
123
56
67
153
249
55
67
47
193
55
67
85
245
55
67
151
80
56
67
203
67
56
67
66
187
55
67
55
69
55
67
36
107
55
67
180
151
55
67
225
111
55
67
127
59
55
67
133
54
55
67
191
109
55
67
193
22
55
67
112
147
54
67
78
177
54
67
43
79
54
67
57
78
54
67
225
143
54
67
64
146
54
67
155
162
54
67
28
167
54
67
93
121
54
67
112
179
54
67
176
101
54
67
51
83
54
67
81
99
54
67
51
179
54
67
49
42
55
67
108
65
55
67
24
85
55
67
155
34
55
67
93
217
54
67
176
165
54
67
248
219
54
67
110
170
54
67
199
145
54
67
129
164
54
67
174
220
54
67
224
230
54
67
188
27
55
67
153
25
55
67
60
32
55
67
182
0
55
67
224
198
54
67
165
143
54
67
246
146
54
67
254
22
55
67
76
72
55
67
210
7
55
67
163
6
55
67
106
88
55
67
172
51
55
67
131
205
54
67
62
201
54
67
142
131
54
67
127
59
54
67
131
13
54
67
115
229
53
67
119
183
53
67
189
228
53
67
38
20
54
67
36
75
54
67
136
136
54
67
205
108
54
67
159
116
54
67
7
132
54
67
102
102
54
67
5
123
54
67
100
93
54
67
243
0
54
67
224
6
54
67
214
25
54
67
208
254
53
67
102
230
53
67
174
92
54
67
43
175
54
67
30
176
54
67
11
86
54
67
142
99
54
67
146
53
54
67
227
24
54
67
127
59
54
67
212
240
53
67
233
211
53
67
148
158
53
67
121
224
53
67
170
106
53
67
121
32
53
67
110
10
53
67
199
113
53
67
30
16
54
67
30
48
54
67
222
29
54
67
178
14
54
67
11
118
53
67
216
226
52
67
151
240
52
67
210
135
53
67
206
149
53
67
220
180
53
67
104
143
54
67
9
237
53
67
227
120
53
67
199
17
53
67
2
201
52
67
210
167
52
67
95
98
52
67
241
215
52
67
81
227
52
67
60
128
53
67
225
239
53
67
148
30
54
67
241
247
53
67
4
242
53
67
110
74
54
67
21
227
53
67
129
100
53
67
57
238
52
67
68
228
52
67
89
7
53
67
74
255
52
67
97
235
52
67
28
7
53
67
142
3
53
67
76
232
52
67
178
78
53
67
201
58
53
67
193
22
53
67
119
87
52
67
205
108
52
67
220
116
53
67
222
93
54
67
216
162
54
67
241
87
54
67
227
248
53
67
28
231
53
67
104
15
54
67
222
221
53
67
144
236
53
67
60
64
54
67
163
70
54
67
231
10
54
67
250
132
54
67
231
170
54
67
123
105
54
67
131
109
54
67
189
132
54
67
60
224
53
67
233
179
53
67
95
162
53
67
163
38
54
67
89
199
53
67
36
11
54
67
0
160
54
67
252
237
54
67
11
86
55
67
83
108
54
67
30
144
53
67
28
231
53
67
38
84
54
67
186
50
54
67
119
247
53
67
220
52
54
67
106
248
52
67
98
20
53
67
151
240
52
67
0
0
53
67
78
113
53
67
199
209
53
67
140
58
54
67
150
167
54
67
142
227
54
67
246
146
54
67
17
241
54
67
250
228
54
67
76
136
54
67
239
46
54
67
248
59
54
67
125
82
54
67
239
142
54
67
142
131
54
67
87
190
54
67
91
48
55
67
148
30
55
67
108
65
55
67
193
182
54
67
45
248
54
67
24
53
55
67
53
28
55
67
250
132
54
67
38
52
54
67
26
190
54
67
189
196
54
67
4
146
54
67
119
55
54
67
235
156
53
67
191
13
53
67
36
107
52
67
62
137
52
67
231
138
52
67
189
196
52
67
131
237
51
67
89
199
51
67
26
62
52
67
161
29
53
67
95
98
53
67
91
80
52
67
26
222
52
67
108
1
53
67
23
76
53
67
32
185
53
67
186
18
54
67
148
158
54
67
239
46
54
67
195
191
53
67
81
163
53
67
45
248
53
67
233
179
53
67
239
14
53
67
129
100
52
67
51
147
52
67
229
1
52
67
66
155
51
67
244
41
51
67
4
114
51
67
193
118
51
67
244
201
50
67
252
77
50
67
112
19
50
67
159
20
50
67
214
57
50
67
2
73
50
67
138
17
50
67
102
230
50
67
133
150
51
67
102
198
51
67
222
93
52
67
150
7
52
67
220
244
51
67
51
211
51
67
157
171
52
67
214
57
53
67
205
140
53
67
47
97
54
67
7
100
54
67
144
140
54
67
146
117
54
67
68
36
54
67
241
215
54
67
193
214
54
67
15
200
54
67
191
173
54
67
151
48
54
67
133
86
54
67
83
140
54
67
87
30
55
67
155
2
55
67
95
194
55
67
26
94
56
67
87
30
56
67
182
192
55
67
60
192
55
67
5
219
55
67
2
73
56
67
102
134
56
67
222
93
56
67
91
48
56
67
131
173
56
67
184
233
56
67
43
15
57
67
136
72
57
67
233
147
57
67
85
117
58
67
206
181
58
67
34
194
58
67
180
215
58
67
81
195
59
67
155
2
60
67
26
126
59
67
26
126
59
67
208
62
59
67
60
192
59
67
170
74
60
67
199
209
59
67
51
243
59
67
38
84
60
67
167
120
60
67
142
227
60
67
157
139
60
67
21
3
60
67
146
21
60
67
55
5
60
67
53
28
60
67
220
84
60
67
104
239
60
67
150
199
60
67
167
216
60
67
15
40
61
67
32
57
61
67
74
191
60
67
13
127
60
67
176
133
60
67
151
176
60
67
220
116
60
67
127
59
60
67
87
94
60
67
38
116
60
67
193
54
60
67
172
179
60
67
28
135
60
67
95
194
60
67
110
170
60
67
45
152
60
67
189
4
61
67
229
225
60
67
74
63
61
67
188
155
61
67
53
156
61
67
53
252
61
67
13
255
61
67
148
158
62
67
129
4
63
67
224
230
62
67
68
164
62
67
59
23
63
67
203
163
62
67
250
164
62
67
169
1
62
67
78
81
61
67
0
128
61
67
206
181
61
67
193
214
61
67
112
243
61
67
231
202
61
67
148
158
61
67
96
139
61
67
131
173
61
67
197
200
61
67
21
163
61
67
231
202
61
67
224
70
62
67
167
56
62
67
74
31
62
67
15
136
62
67
62
169
62
67
244
105
62
67
184
169
62
67
144
76
63
67
51
19
63
67
81
227
62
67
193
214
62
67
235
188
62
67
74
127
62
67
9
109
62
67
188
27
63
67
70
173
63
67
87
94
63
67
229
65
63
67
117
14
63
67
153
217
62
67
9
237
62
67
229
1
63
67
57
110
63
67
91
16
64
67
78
241
63
67
178
174
63
67
30
208
63
67
28
103
63
67
138
209
62
67
60
0
63
67
102
198
62
67
112
147
62
67
19
250
61
67
121
0
62
67
191
237
61
67
